79,43.0,0.0,371.0,0.0,0.9873417721518988,0.012658227848101266
79,41.0,0.0,418.0,0.0,0.9873417721518988,0.012658227848101266
79,44.0,0.0,535.0,0.0,0.9873417721518988,0.012658227848101266
79,41.0,0.0,454.0,0.0,0.9873417721518988,0.012658227848101266
79,48.0,0.0,325.0,0.0,0.9873417721518988,0.012658227848101266
79,53.0,0.0,468.0,0.0,0.9873417721518988,0.012658227848101266
79,54.0,0.0,384.0,0.0,0.9873417721518988,0.012658227848101266
79,38.0,0.0,416.0,0.0,0.9873417721518988,0.012658227848101266
79,33.0,0.0,360.0,0.0,0.9873417721518988,0.012658227848101266
79,48.0,0.0,415.0,0.0,0.9873417721518988,0.012658227848101266
79,43.0,0.0,345.0,0.0,0.9873417721518988,0.012658227848101266
79,53.0,0.0,409.0,0.0,0.9873417721518988,0.012658227848101266
79,42.0,0.0,377.0,0.0,0.9873417721518988,0.012658227848101266
79,55.0,0.0,398.0,0.0,0.9873417721518988,0.012658227848101266
79,39.0,0.0,341.0,0.0,0.9873417721518988,0.012658227848101266
79,53.0,0.0,399.0,0.0,0.9873417721518988,0.012658227848101266
79,40.0,0.0,326.0,0.0,0.9873417721518988,0.012658227848101266
79,37.0,0.0,445.0,0.0,0.9873417721518988,0.012658227848101266
79,45.0,0.0,396.0,0.0,0.9873417721518988,0.012658227848101266
79,44.0,0.0,427.0,0.0,0.9873417721518988,0.012658227848101266
79,37.0,0.0,341.0,0.0,0.9873417721518988,0.012658227848101266
79,38.0,0.0,481.0,0.0,0.9873417721518988,0.012658227848101266
79,39.0,0.0,358.0,0.0,0.9873417721518988,0.012658227848101266
79,48.0,0.0,388.0,0.0,0.9873417721518988,0.012658227848101266
79,44.0,0.0,363.0,0.0,0.9873417721518988,0.012658227848101266
79,48.0,0.0,390.0,0.0,0.9873417721518988,0.012658227848101266
79,43.0,0.0,428.0,0.0,0.9873417721518988,0.012658227848101266
79,42.0,0.0,406.0,0.0,0.9873417721518988,0.012658227848101266
79,54.0,0.0,348.0,0.0,0.9873417721518988,0.012658227848101266
2,142.0,0.0,196.0,1.0,1.0,0.0
79,41.0,0.0,331.0,0.0,0.9873417721518988,0.012658227848101266
79,47.0,0.0,406.0,0.0,0.9873417721518988,0.012658227848101266
82,5.0,0.0,1418.0,0.0,0.9878048780487805,0.012195121951219513
79,50.0,0.0,435.0,0.0,0.9873417721518988,0.012658227848101266
79,42.0,0.0,365.0,0.0,0.9873417721518988,0.012658227848101266
81,4.0,0.0,1955.0,0.0,0.9876543209876543,0.012345679012345678
79,56.0,0.0,336.0,0.0,0.9873417721518988,0.012658227848101266
79,41.0,0.0,439.0,0.0,0.9873417721518988,0.012658227848101266
75,5.0,0.0,1708.0,0.0,0.9866666666666667,0.013333333333333334
79,50.0,0.0,361.0,0.0,0.9873417721518988,0.012658227848101266
79,41.0,0.0,429.0,0.0,0.9873417721518988,0.012658227848101266
82,5.0,0.0,1983.0,0.0,0.9878048780487805,0.012195121951219513
79,50.0,0.0,354.0,0.0,0.9873417721518988,0.012658227848101266
79,40.0,0.0,429.0,0.0,0.9873417721518988,0.012658227848101266
80,5.0,0.0,1478.0,0.0,0.9875,0.0125
79,42.0,0.0,365.0,0.0,0.9873417721518988,0.012658227848101266
79,38.0,0.0,459.0,0.0,0.9873417721518988,0.012658227848101266
84,4.0,0.0,1490.0,0.0,0.9880952380952381,0.011904761904761904
79,47.0,0.0,340.0,0.0,0.9873417721518988,0.012658227848101266
79,44.0,0.0,429.0,0.0,0.9873417721518988,0.012658227848101266
79,5.0,0.0,2593.0,0.0,0.9873417721518988,0.012658227848101266
79,1.0,0.0,225.0,0.0,0.9873417721518988,0.012658227848101266
78,6.0,0.0,1850.0,0.0,0.9871794871794872,0.01282051282051282
79,1.0,0.0,249.0,0.0,0.9873417721518988,0.012658227848101266
79,1.0,0.0,259.0,0.0,0.9873417721518988,0.012658227848101266
79,1.0,0.0,230.0,0.0,0.9873417721518988,0.012658227848101266
79,1.0,0.0,240.0,0.0,0.9873417721518988,0.012658227848101266
79,1.0,0.0,272.0,0.0,0.9873417721518988,0.012658227848101266
79,1.0,0.0,244.0,0.0,0.9873417721518988,0.012658227848101266
79,1.0,0.0,288.0,0.0,0.9873417721518988,0.012658227848101266
79,41.0,0.0,362.0,0.0,0.9873417721518988,0.012658227848101266
79,1.0,0.0,351.0,0.0,0.9873417721518988,0.012658227848101266
79,1.0,0.0,303.0,0.0,0.9873417721518988,0.012658227848101266
79,1.0,0.0,332.0,0.0,0.9873417721518988,0.012658227848101266
79,39.0,0.0,379.0,0.0,0.9873417721518988,0.012658227848101266
79,44.0,0.0,413.0,0.0,0.9873417721518988,0.012658227848101266
79,42.0,0.0,397.0,0.0,0.9873417721518988,0.012658227848101266
79,52.0,0.0,414.0,0.0,0.9873417721518988,0.012658227848101266
79,44.0,0.0,391.0,0.0,0.9873417721518988,0.012658227848101266
79,42.0,0.0,430.0,0.0,0.9873417721518988,0.012658227848101266
79,53.0,0.0,429.0,0.0,0.9873417721518988,0.012658227848101266
79,33.0,0.0,435.0,0.0,0.9873417721518988,0.012658227848101266
79,56.0,0.0,517.0,0.0,0.9873417721518988,0.012658227848101266
79,42.0,0.0,343.0,0.0,0.9873417721518988,0.012658227848101266
79,48.0,0.0,446.0,0.0,0.9873417721518988,0.012658227848101266
79,44.0,0.0,449.0,0.0,0.9873417721518988,0.012658227848101266
79,44.0,0.0,394.0,0.0,0.9873417721518988,0.012658227848101266
79,60.0,0.0,442.0,0.0,0.9873417721518988,0.012658227848101266
79,52.0,0.0,354.0,0.0,0.9873417721518988,0.012658227848101266
79,43.0,0.0,416.0,0.0,0.9873417721518988,0.012658227848101266
79,52.0,0.0,334.0,0.0,0.9873417721518988,0.012658227848101266
79,49.0,0.0,466.0,0.0,0.9873417721518988,0.012658227848101266
79,45.0,0.0,313.0,0.0,0.9873417721518988,0.012658227848101266
79,57.0,0.0,410.0,0.0,0.9873417721518988,0.012658227848101266
79,1.0,0.0,322.0,0.0,0.9873417721518988,0.012658227848101266
79,45.0,0.0,371.0,0.0,0.9873417721518988,0.012658227848101266
79,40.0,0.0,398.0,0.0,0.9873417721518988,0.012658227848101266
79,1.0,0.0,240.0,0.0,0.9873417721518988,0.012658227848101266
79,1.0,0.0,316.0,0.0,0.9873417721518988,0.012658227848101266
79,1.0,0.0,335.0,0.0,0.9873417721518988,0.012658227848101266
79,1.0,0.0,339.0,0.0,0.9873417721518988,0.012658227848101266
79,1.0,0.0,272.0,0.0,0.9873417721518988,0.012658227848101266
79,1.0,0.0,278.0,0.0,0.9873417721518988,0.012658227848101266
79,1.0,0.0,272.0,0.0,0.9873417721518988,0.012658227848101266
79,1.0,0.0,290.0,0.0,0.9873417721518988,0.012658227848101266
79,1.0,0.0,324.0,0.0,0.9873417721518988,0.012658227848101266
79,56.0,0.0,309.0,0.0,0.9873417721518988,0.012658227848101266
79,36.0,0.0,424.0,0.0,0.9873417721518988,0.012658227848101266
79,42.0,0.0,410.0,0.0,0.9873417721518988,0.012658227848101266
79,39.0,0.0,351.0,0.0,0.9873417721518988,0.012658227848101266
79,40.0,0.0,374.0,0.0,0.9873417721518988,0.012658227848101266
79,46.0,0.0,447.0,0.0,0.9873417721518988,0.012658227848101266
79,48.0,0.0,408.0,0.0,0.9873417721518988,0.012658227848101266
79,44.0,0.0,413.0,0.0,0.9873417721518988,0.012658227848101266
79,43.0,0.0,374.0,0.0,0.9873417721518988,0.012658227848101266
79,32.0,0.0,405.0,0.0,0.9873417721518988,0.012658227848101266
79,45.0,0.0,439.0,0.0,0.9873417721518988,0.012658227848101266
79,49.0,0.0,422.0,0.0,0.9873417721518988,0.012658227848101266
79,39.0,0.0,282.0,0.0,0.9873417721518988,0.012658227848101266
79,37.0,0.0,279.0,0.0,0.9873417721518988,0.012658227848101266
79,43.0,0.0,337.0,0.0,0.9873417721518988,0.012658227848101266
79,43.0,0.0,280.0,0.0,0.9873417721518988,0.012658227848101266
79,51.0,0.0,376.0,0.0,0.9873417721518988,0.012658227848101266
79,37.0,0.0,286.0,0.0,0.9873417721518988,0.012658227848101266
79,43.0,0.0,416.0,0.0,0.9873417721518988,0.012658227848101266
79,45.0,0.0,422.0,0.0,0.9873417721518988,0.012658227848101266
79,55.0,0.0,283.0,0.0,0.9873417721518988,0.012658227848101266
79,49.0,0.0,360.0,0.0,0.9873417721518988,0.012658227848101266
79,56.0,0.0,433.0,0.0,0.9873417721518988,0.012658227848101266
79,45.0,0.0,276.0,0.0,0.9873417721518988,0.012658227848101266
79,57.0,0.0,346.0,0.0,0.9873417721518988,0.012658227848101266
79,37.0,0.0,416.0,0.0,0.9873417721518988,0.012658227848101266
79,1.0,0.0,274.0,0.0,0.9873417721518988,0.012658227848101266
2,1.0,0.0,9.0,1.0,0.5,0.5
79,50.0,0.0,391.0,0.0,0.9873417721518988,0.012658227848101266
79,43.0,0.0,402.0,0.0,0.9873417721518988,0.012658227848101266
79,1.0,0.0,276.0,0.0,0.9873417721518988,0.012658227848101266
79,1.0,0.0,277.0,0.0,0.9873417721518988,0.012658227848101266
79,51.0,0.0,372.0,0.0,0.9873417721518988,0.012658227848101266
79,45.0,0.0,450.0,0.0,0.9873417721518988,0.012658227848101266
79,1.0,0.0,347.0,0.0,0.9873417721518988,0.012658227848101266
79,1.0,0.0,299.0,0.0,0.9873417721518988,0.012658227848101266
79,1.0,0.0,285.0,0.0,0.9873417721518988,0.012658227848101266
79,1.0,0.0,274.0,0.0,0.9873417721518988,0.012658227848101266
79,1.0,0.0,279.0,0.0,0.9873417721518988,0.012658227848101266
79,1.0,0.0,290.0,0.0,0.9873417721518988,0.012658227848101266
79,1.0,0.0,326.0,0.0,0.9873417721518988,0.012658227848101266
79,1.0,0.0,286.0,0.0,0.9873417721518988,0.012658227848101266
79,44.0,0.0,310.0,0.0,0.9873417721518988,0.012658227848101266
79,40.0,0.0,276.0,0.0,0.9873417721518988,0.012658227848101266
79,41.0,0.0,397.0,0.0,0.9873417721518988,0.012658227848101266
79,53.0,0.0,342.0,0.0,0.9873417721518988,0.012658227848101266
79,43.0,0.0,353.0,0.0,0.9873417721518988,0.012658227848101266
79,38.0,0.0,287.0,0.0,0.9873417721518988,0.012658227848101266
79,45.0,0.0,399.0,0.0,0.9873417721518988,0.012658227848101266
79,33.0,0.0,402.0,0.0,0.9873417721518988,0.012658227848101266
79,51.0,0.0,369.0,0.0,0.9873417721518988,0.012658227848101266
79,58.0,0.0,282.0,0.0,0.9873417721518988,0.012658227848101266
79,50.0,0.0,283.0,0.0,0.9873417721518988,0.012658227848101266
79,44.0,0.0,305.0,0.0,0.9873417721518988,0.012658227848101266
79,38.0,0.0,333.0,0.0,0.9873417721518988,0.012658227848101266
79,40.0,0.0,347.0,0.0,0.9873417721518988,0.012658227848101266
79,52.0,0.0,344.0,0.0,0.9873417721518988,0.012658227848101266
79,51.0,0.0,283.0,0.0,0.9873417721518988,0.012658227848101266
79,48.0,0.0,340.0,0.0,0.9873417721518988,0.012658227848101266
79,52.0,0.0,415.0,0.0,0.9873417721518988,0.012658227848101266
79,1.0,0.0,275.0,0.0,0.9873417721518988,0.012658227848101266
79,35.0,0.0,289.0,0.0,0.9873417721518988,0.012658227848101266
79,49.0,0.0,339.0,0.0,0.9873417721518988,0.012658227848101266
79,43.0,0.0,398.0,0.0,0.9873417721518988,0.012658227848101266
79,1.0,0.0,257.0,0.0,0.9873417721518988,0.012658227848101266
79,49.0,0.0,277.0,0.0,0.9873417721518988,0.012658227848101266
79,60.0,0.0,369.0,0.0,0.9873417721518988,0.012658227848101266
79,43.0,0.0,411.0,0.0,0.9873417721518988,0.012658227848101266
79,1.0,0.0,379.0,0.0,0.9873417721518988,0.012658227848101266
79,38.0,0.0,290.0,0.0,0.9873417721518988,0.012658227848101266
79,37.0,0.0,335.0,0.0,0.9873417721518988,0.012658227848101266
79,44.0,0.0,410.0,0.0,0.9873417721518988,0.012658227848101266
79,1.0,0.0,277.0,0.0,0.9873417721518988,0.012658227848101266
79,1.0,0.0,319.0,0.0,0.9873417721518988,0.012658227848101266
79,1.0,0.0,428.0,0.0,0.9873417721518988,0.012658227848101266
79,1.0,0.0,372.0,0.0,0.9873417721518988,0.012658227848101266
79,1.0,0.0,262.0,0.0,0.9873417721518988,0.012658227848101266
79,1.0,0.0,308.0,0.0,0.9873417721518988,0.012658227848101266
79,1.0,0.0,275.0,0.0,0.9873417721518988,0.012658227848101266
79,46.0,0.0,320.0,0.0,0.9873417721518988,0.012658227848101266
79,53.0,0.0,402.0,0.0,0.9873417721518988,0.012658227848101266
79,49.0,0.0,291.0,0.0,0.9873417721518988,0.012658227848101266
79,41.0,0.0,422.0,0.0,0.9873417721518988,0.012658227848101266
79,58.0,0.0,307.0,0.0,0.9873417721518988,0.012658227848101266
79,43.0,0.0,376.0,0.0,0.9873417721518988,0.012658227848101266
79,43.0,0.0,285.0,0.0,0.9873417721518988,0.012658227848101266
79,39.0,0.0,402.0,0.0,0.9873417721518988,0.012658227848101266
79,41.0,0.0,372.0,0.0,0.9873417721518988,0.012658227848101266
79,43.0,0.0,414.0,0.0,0.9873417721518988,0.012658227848101266
79,47.0,0.0,290.0,0.0,0.9873417721518988,0.012658227848101266
79,42.0,0.0,336.0,0.0,0.9873417721518988,0.012658227848101266
79,40.0,0.0,324.0,0.0,0.9873417721518988,0.012658227848101266
79,53.0,0.0,348.0,0.0,0.9873417721518988,0.012658227848101266
79,1.0,0.0,283.0,0.0,0.9873417721518988,0.012658227848101266
79,49.0,0.0,284.0,0.0,0.9873417721518988,0.012658227848101266
79,43.0,0.0,337.0,0.0,0.9873417721518988,0.012658227848101266
79,1.0,0.0,273.0,0.0,0.9873417721518988,0.012658227848101266
79,38.0,0.0,304.0,0.0,0.9873417721518988,0.012658227848101266
79,42.0,0.0,342.0,0.0,0.9873417721518988,0.012658227848101266
79,1.0,0.0,176.0,0.0,0.9873417721518988,0.012658227848101266
79,1.0,0.0,261.0,0.0,0.9873417721518988,0.012658227848101266
79,48.0,0.0,300.0,0.0,0.9873417721518988,0.012658227848101266
79,43.0,0.0,437.0,0.0,0.9873417721518988,0.012658227848101266
79,1.0,0.0,174.0,0.0,0.9873417721518988,0.012658227848101266
79,1.0,0.0,258.0,0.0,0.9873417721518988,0.012658227848101266
79,36.0,0.0,271.0,0.0,0.9873417721518988,0.012658227848101266
79,48.0,0.0,369.0,0.0,0.9873417721518988,0.012658227848101266
79,1.0,0.0,177.0,0.0,0.9873417721518988,0.012658227848101266
79,1.0,0.0,248.0,0.0,0.9873417721518988,0.012658227848101266
79,1.0,0.0,173.0,0.0,0.9873417721518988,0.012658227848101266
79,1.0,0.0,286.0,0.0,0.9873417721518988,0.012658227848101266
79,1.0,0.0,174.0,0.0,0.9873417721518988,0.012658227848101266
79,1.0,0.0,266.0,0.0,0.9873417721518988,0.012658227848101266
79,1.0,0.0,159.0,0.0,0.9873417721518988,0.012658227848101266
79,1.0,0.0,247.0,0.0,0.9873417721518988,0.012658227848101266
79,1.0,0.0,178.0,0.0,0.9873417721518988,0.012658227848101266
79,1.0,0.0,280.0,0.0,0.9873417721518988,0.012658227848101266
79,1.0,0.0,246.0,0.0,0.9873417721518988,0.012658227848101266
79,1.0,0.0,260.0,0.0,0.9873417721518988,0.012658227848101266
79,1.0,0.0,168.0,0.0,0.9873417721518988,0.012658227848101266
79,1.0,0.0,188.0,0.0,0.9873417721518988,0.012658227848101266
79,46.0,0.0,313.0,0.0,0.9873417721518988,0.012658227848101266
79,51.0,0.0,428.0,0.0,0.9873417721518988,0.012658227848101266
79,45.0,0.0,290.0,0.0,0.9873417721518988,0.012658227848101266
79,43.0,0.0,363.0,0.0,0.9873417721518988,0.012658227848101266
79,42.0,0.0,303.0,0.0,0.9873417721518988,0.012658227848101266
79,50.0,0.0,359.0,0.0,0.9873417721518988,0.012658227848101266
79,53.0,0.0,280.0,0.0,0.9873417721518988,0.012658227848101266
79,42.0,0.0,379.0,0.0,0.9873417721518988,0.012658227848101266
79,44.0,0.0,271.0,0.0,0.9873417721518988,0.012658227848101266
79,42.0,0.0,356.0,0.0,0.9873417721518988,0.012658227848101266
79,47.0,0.0,401.0,0.0,0.9873417721518988,0.012658227848101266
79,49.0,0.0,355.0,0.0,0.9873417721518988,0.012658227848101266
79,44.0,0.0,286.0,0.0,0.9873417721518988,0.012658227848101266
79,1.0,0.0,269.0,0.0,0.9873417721518988,0.012658227848101266
79,54.0,0.0,302.0,0.0,0.9873417721518988,0.012658227848101266
79,1.0,0.0,307.0,0.0,0.9873417721518988,0.012658227848101266
79,43.0,0.0,282.0,0.0,0.9873417721518988,0.012658227848101266
79,45.0,0.0,396.0,0.0,0.9873417721518988,0.012658227848101266
79,1.0,0.0,178.0,0.0,0.9873417721518988,0.012658227848101266
79,1.0,0.0,233.0,0.0,0.9873417721518988,0.012658227848101266
79,47.0,0.0,317.0,0.0,0.9873417721518988,0.012658227848101266
79,60.0,0.0,332.0,0.0,0.9873417721518988,0.012658227848101266
79,1.0,0.0,285.0,0.0,0.9873417721518988,0.012658227848101266
79,1.0,0.0,250.0,0.0,0.9873417721518988,0.012658227848101266
79,47.0,0.0,282.0,0.0,0.9873417721518988,0.012658227848101266
79,48.0,0.0,433.0,0.0,0.9873417721518988,0.012658227848101266
79,1.0,0.0,166.0,0.0,0.9873417721518988,0.012658227848101266
79,1.0,0.0,242.0,0.0,0.9873417721518988,0.012658227848101266
79,41.0,0.0,280.0,0.0,0.9873417721518988,0.012658227848101266
79,55.0,0.0,378.0,0.0,0.9873417721518988,0.012658227848101266
79,1.0,0.0,181.0,0.0,0.9873417721518988,0.012658227848101266
79,1.0,0.0,310.0,0.0,0.9873417721518988,0.012658227848101266
79,1.0,0.0,260.0,0.0,0.9873417721518988,0.012658227848101266
79,1.0,0.0,291.0,0.0,0.9873417721518988,0.012658227848101266
79,1.0,0.0,254.0,0.0,0.9873417721518988,0.012658227848101266
79,1.0,0.0,255.0,0.0,0.9873417721518988,0.012658227848101266
79,1.0,0.0,182.0,0.0,0.9873417721518988,0.012658227848101266
79,1.0,0.0,288.0,0.0,0.9873417721518988,0.012658227848101266
79,1.0,0.0,270.0,0.0,0.9873417721518988,0.012658227848101266
79,1.0,0.0,316.0,0.0,0.9873417721518988,0.012658227848101266
79,1.0,0.0,269.0,0.0,0.9873417721518988,0.012658227848101266
79,1.0,0.0,183.0,0.0,0.9873417721518988,0.012658227848101266
79,52.0,0.0,325.0,0.0,0.9873417721518988,0.012658227848101266
79,58.0,0.0,390.0,0.0,0.9873417721518988,0.012658227848101266
79,55.0,0.0,316.0,0.0,0.9873417721518988,0.012658227848101266
79,53.0,0.0,362.0,0.0,0.9873417721518988,0.012658227848101266
79,33.0,0.0,310.0,0.0,0.9873417721518988,0.012658227848101266
79,40.0,0.0,380.0,0.0,0.9873417721518988,0.012658227848101266
79,60.0,0.0,301.0,0.0,0.9873417721518988,0.012658227848101266
79,52.0,0.0,378.0,0.0,0.9873417721518988,0.012658227848101266
79,38.0,0.0,272.0,0.0,0.9873417721518988,0.012658227848101266
79,49.0,0.0,425.0,0.0,0.9873417721518988,0.012658227848101266
79,52.0,0.0,284.0,0.0,0.9873417721518988,0.012658227848101266
79,60.0,0.0,431.0,0.0,0.9873417721518988,0.012658227848101266
79,55.0,0.0,353.0,0.0,0.9873417721518988,0.012658227848101266
79,45.0,0.0,423.0,0.0,0.9873417721518988,0.012658227848101266
79,1.0,0.0,294.0,0.0,0.9873417721518988,0.012658227848101266
79,1.0,0.0,271.0,0.0,0.9873417721518988,0.012658227848101266
79,34.0,0.0,274.0,0.0,0.9873417721518988,0.012658227848101266
79,1.0,0.0,231.0,0.0,0.9873417721518988,0.012658227848101266
79,1.0,0.0,328.0,0.0,0.9873417721518988,0.012658227848101266
79,45.0,0.0,290.0,0.0,0.9873417721518988,0.012658227848101266
79,1.0,0.0,378.0,0.0,0.9873417721518988,0.012658227848101266
79,1.0,0.0,270.0,0.0,0.9873417721518988,0.012658227848101266
79,38.0,0.0,282.0,0.0,0.9873417721518988,0.012658227848101266
79,54.0,0.0,356.0,0.0,0.9873417721518988,0.012658227848101266
79,1.0,0.0,184.0,0.0,0.9873417721518988,0.012658227848101266
79,1.0,0.0,278.0,0.0,0.9873417721518988,0.012658227848101266
79,51.0,0.0,353.0,0.0,0.9873417721518988,0.012658227848101266
79,52.0,0.0,375.0,0.0,0.9873417721518988,0.012658227848101266
79,1.0,0.0,212.0,0.0,0.9873417721518988,0.012658227848101266
79,1.0,0.0,275.0,0.0,0.9873417721518988,0.012658227848101266
79,37.0,0.0,294.0,0.0,0.9873417721518988,0.012658227848101266
79,41.0,0.0,365.0,0.0,0.9873417721518988,0.012658227848101266
79,1.0,0.0,194.0,0.0,0.9873417721518988,0.012658227848101266
79,1.0,0.0,299.0,0.0,0.9873417721518988,0.012658227848101266
79,1.0,0.0,194.0,0.0,0.9873417721518988,0.012658227848101266
79,1.0,0.0,265.0,0.0,0.9873417721518988,0.012658227848101266
79,1.0,0.0,180.0,0.0,0.9873417721518988,0.012658227848101266
79,1.0,0.0,282.0,0.0,0.9873417721518988,0.012658227848101266
79,1.0,0.0,182.0,0.0,0.9873417721518988,0.012658227848101266
79,1.0,0.0,250.0,0.0,0.9873417721518988,0.012658227848101266
79,1.0,0.0,239.0,0.0,0.9873417721518988,0.012658227848101266
79,1.0,0.0,197.0,0.0,0.9873417721518988,0.012658227848101266
79,43.0,0.0,318.0,0.0,0.9873417721518988,0.012658227848101266
79,43.0,0.0,323.0,0.0,0.9873417721518988,0.012658227848101266
79,46.0,0.0,260.0,0.0,0.9873417721518988,0.012658227848101266
79,48.0,0.0,285.0,0.0,0.9873417721518988,0.012658227848101266
79,44.0,0.0,284.0,0.0,0.9873417721518988,0.012658227848101266
79,45.0,0.0,334.0,0.0,0.9873417721518988,0.012658227848101266
79,46.0,0.0,310.0,0.0,0.9873417721518988,0.012658227848101266
79,1.0,0.0,284.0,0.0,0.9873417721518988,0.012658227848101266
79,1.0,0.0,292.0,0.0,0.9873417721518988,0.012658227848101266
79,1.0,0.0,200.0,0.0,0.9873417721518988,0.012658227848101266
79,1.0,0.0,277.0,0.0,0.9873417721518988,0.012658227848101266
79,1.0,0.0,262.0,0.0,0.9873417721518988,0.012658227848101266
79,1.0,0.0,273.0,0.0,0.9873417721518988,0.012658227848101266
79,40.0,0.0,300.0,0.0,0.9873417721518988,0.012658227848101266
79,1.0,0.0,174.0,0.0,0.9873417721518988,0.012658227848101266
79,1.0,0.0,266.0,0.0,0.9873417721518988,0.012658227848101266
79,46.0,0.0,300.0,0.0,0.9873417721518988,0.012658227848101266
79,1.0,0.0,186.0,0.0,0.9873417721518988,0.012658227848101266
79,1.0,0.0,277.0,0.0,0.9873417721518988,0.012658227848101266
79,46.0,0.0,348.0,0.0,0.9873417721518988,0.012658227848101266
79,50.0,0.0,424.0,0.0,0.9873417721518988,0.012658227848101266
79,1.0,0.0,235.0,0.0,0.9873417721518988,0.012658227848101266
79,1.0,0.0,266.0,0.0,0.9873417721518988,0.012658227848101266
79,45.0,0.0,292.0,0.0,0.9873417721518988,0.012658227848101266
79,41.0,0.0,361.0,0.0,0.9873417721518988,0.012658227848101266
79,1.0,0.0,223.0,0.0,0.9873417721518988,0.012658227848101266
79,1.0,0.0,281.0,0.0,0.9873417721518988,0.012658227848101266
79,1.0,0.0,189.0,0.0,0.9873417721518988,0.012658227848101266
79,1.0,0.0,270.0,0.0,0.9873417721518988,0.012658227848101266
79,1.0,0.0,175.0,0.0,0.9873417721518988,0.012658227848101266
79,1.0,0.0,251.0,0.0,0.9873417721518988,0.012658227848101266
79,1.0,0.0,198.0,0.0,0.9873417721518988,0.012658227848101266
79,1.0,0.0,187.0,0.0,0.9873417721518988,0.012658227848101266
79,55.0,0.0,319.0,0.0,0.9873417721518988,0.012658227848101266
79,38.0,0.0,330.0,0.0,0.9873417721518988,0.012658227848101266
79,41.0,0.0,310.0,0.0,0.9873417721518988,0.012658227848101266
79,45.0,0.0,328.0,0.0,0.9873417721518988,0.012658227848101266
79,46.0,0.0,306.0,0.0,0.9873417721518988,0.012658227848101266
79,43.0,0.0,316.0,0.0,0.9873417721518988,0.012658227848101266
79,36.0,0.0,294.0,0.0,0.9873417721518988,0.012658227848101266
79,47.0,0.0,332.0,0.0,0.9873417721518988,0.012658227848101266
79,1.0,0.0,249.0,0.0,0.9873417721518988,0.012658227848101266
79,1.0,0.0,273.0,0.0,0.9873417721518988,0.012658227848101266
79,1.0,0.0,178.0,0.0,0.9873417721518988,0.012658227848101266
79,1.0,0.0,260.0,0.0,0.9873417721518988,0.012658227848101266
79,1.0,0.0,192.0,0.0,0.9873417721518988,0.012658227848101266
79,1.0,0.0,271.0,0.0,0.9873417721518988,0.012658227848101266
58,5.0,0.0,1879.0,0.0,0.9827586206896551,0.017241379310344827
79,1.0,0.0,188.0,0.0,0.9873417721518988,0.012658227848101266
79,1.0,0.0,251.0,0.0,0.9873417721518988,0.012658227848101266
56,5.0,0.0,2372.0,0.0,0.9821428571428571,0.017857142857142856
79,1.0,0.0,231.0,0.0,0.9873417721518988,0.012658227848101266
79,1.0,0.0,278.0,0.0,0.9873417721518988,0.012658227848101266
79,43.0,0.0,388.0,0.0,0.9873417721518988,0.012658227848101266
56,5.0,0.0,2466.0,0.0,0.9821428571428571,0.017857142857142856
79,1.0,0.0,189.0,0.0,0.9873417721518988,0.012658227848101266
79,1.0,0.0,315.0,0.0,0.9873417721518988,0.012658227848101266
79,40.0,0.0,283.0,0.0,0.9873417721518988,0.012658227848101266
63,4.0,0.0,1622.0,0.0,0.9841269841269841,0.015873015873015872
79,1.0,0.0,187.0,0.0,0.9873417721518988,0.012658227848101266
79,1.0,0.0,286.0,0.0,0.9873417721518988,0.012658227848101266
79,42.0,0.0,299.0,0.0,0.9873417721518988,0.012658227848101266
62,5.0,0.0,1906.0,0.0,0.9838709677419355,0.016129032258064516
79,1.0,0.0,247.0,0.0,0.9873417721518988,0.012658227848101266
79,1.0,0.0,271.0,0.0,0.9873417721518988,0.012658227848101266
43,22.0,0.0,1964.0,0.0,0.9767441860465116,0.023255813953488372
79,1.0,0.0,398.0,0.0,0.9873417721518988,0.012658227848101266
79,1.0,0.0,263.0,0.0,0.9873417721518988,0.012658227848101266
61,4.0,0.0,2006.0,0.0,0.9836065573770492,0.01639344262295082
79,1.0,0.0,411.0,0.0,0.9873417721518988,0.012658227848101266
64,4.0,0.0,3190.0,0.0,0.984375,0.015625
79,1.0,0.0,459.0,0.0,0.9873417721518988,0.012658227848101266
62,4.0,0.0,1848.0,0.0,0.9838709677419355,0.016129032258064516
62,4.0,0.0,2217.0,0.0,0.9838709677419355,0.016129032258064516
79,65.0,0.0,306.0,0.0,0.9873417721518988,0.012658227848101266
79,37.0,0.0,298.0,0.0,0.9873417721518988,0.012658227848101266
79,44.0,0.0,345.0,0.0,0.9873417721518988,0.012658227848101266
79,58.0,0.0,283.0,0.0,0.9873417721518988,0.012658227848101266
79,52.0,0.0,319.0,0.0,0.9873417721518988,0.012658227848101266
79,46.0,0.0,308.0,0.0,0.9873417721518988,0.012658227848101266
79,45.0,0.0,394.0,0.0,0.9873417721518988,0.012658227848101266
79,34.0,0.0,367.0,0.0,0.9873417721518988,0.012658227848101266
79,1.0,0.0,299.0,0.0,0.9873417721518988,0.012658227848101266
79,54.0,0.0,330.0,0.0,0.9873417721518988,0.012658227848101266
79,1.0,0.0,306.0,0.0,0.9873417721518988,0.012658227848101266
79,1.0,0.0,244.0,0.0,0.9873417721518988,0.012658227848101266
79,1.0,0.0,250.0,0.0,0.9873417721518988,0.012658227848101266
79,1.0,0.0,254.0,0.0,0.9873417721518988,0.012658227848101266
79,1.0,0.0,265.0,0.0,0.9873417721518988,0.012658227848101266
58,5.0,0.0,1785.0,0.0,0.9827586206896551,0.017241379310344827
79,1.0,0.0,212.0,0.0,0.9873417721518988,0.012658227848101266
79,1.0,0.0,241.0,0.0,0.9873417721518988,0.012658227848101266
63,4.0,0.0,1638.0,0.0,0.9841269841269841,0.015873015873015872
79,1.0,0.0,185.0,0.0,0.9873417721518988,0.012658227848101266
79,1.0,0.0,288.0,0.0,0.9873417721518988,0.012658227848101266
66,4.0,0.0,1663.0,0.0,0.9848484848484849,0.015151515151515152
79,1.0,0.0,196.0,0.0,0.9873417721518988,0.012658227848101266
79,1.0,0.0,291.0,0.0,0.9873417721518988,0.012658227848101266
62,5.0,0.0,1763.0,0.0,0.9838709677419355,0.016129032258064516
79,1.0,0.0,190.0,0.0,0.9873417721518988,0.012658227848101266
79,1.0,0.0,260.0,0.0,0.9873417721518988,0.012658227848101266
79,53.0,0.0,301.0,0.0,0.9873417721518988,0.012658227848101266
63,4.0,0.0,1833.0,0.0,0.9841269841269841,0.015873015873015872
79,1.0,0.0,221.0,0.0,0.9873417721518988,0.012658227848101266
79,1.0,0.0,259.0,0.0,0.9873417721518988,0.012658227848101266
79,44.0,0.0,291.0,0.0,0.9873417721518988,0.012658227848101266
57,5.0,0.0,1995.0,0.0,0.9824561403508771,0.017543859649122806
79,1.0,0.0,189.0,0.0,0.9873417721518988,0.012658227848101266
79,1.0,0.0,262.0,0.0,0.9873417721518988,0.012658227848101266
61,4.0,0.0,2379.0,0.0,0.9836065573770492,0.01639344262295082
79,1.0,0.0,188.0,0.0,0.9873417721518988,0.012658227848101266
59,5.0,0.0,1694.0,0.0,0.9830508474576272,0.01694915254237288
79,1.0,0.0,192.0,0.0,0.9873417721518988,0.012658227848101266
58,4.0,0.0,1518.0,0.0,0.9827586206896551,0.017241379310344827
59,5.0,0.0,2460.0,0.0,0.9830508474576272,0.01694915254237288
79,37.0,0.0,445.0,0.0,0.9873417721518988,0.012658227848101266
79,42.0,0.0,310.0,0.0,0.9873417721518988,0.012658227848101266
79,43.0,0.0,285.0,0.0,0.9873417721518988,0.012658227848101266
79,39.0,0.0,292.0,0.0,0.9873417721518988,0.012658227848101266
79,58.0,0.0,340.0,0.0,0.9873417721518988,0.012658227848101266
79,50.0,0.0,295.0,0.0,0.9873417721518988,0.012658227848101266
79,43.0,0.0,305.0,0.0,0.9873417721518988,0.012658227848101266
79,52.0,0.0,303.0,0.0,0.9873417721518988,0.012658227848101266
79,50.0,0.0,351.0,0.0,0.9873417721518988,0.012658227848101266
79,52.0,0.0,331.0,0.0,0.9873417721518988,0.012658227848101266
79,1.0,0.0,189.0,0.0,0.9873417721518988,0.012658227848101266
79,1.0,0.0,184.0,0.0,0.9873417721518988,0.012658227848101266
61,4.0,0.0,2447.0,0.0,0.9836065573770492,0.01639344262295082
79,1.0,0.0,232.0,0.0,0.9873417721518988,0.012658227848101266
59,4.0,0.0,1922.0,0.0,0.9830508474576272,0.01694915254237288
79,1.0,0.0,198.0,0.0,0.9873417721518988,0.012658227848101266
59,4.0,0.0,1810.0,0.0,0.9830508474576272,0.01694915254237288
79,1.0,0.0,212.0,0.0,0.9873417721518988,0.012658227848101266
60,5.0,0.0,2594.0,0.0,0.9833333333333333,0.016666666666666666
79,1.0,0.0,201.0,0.0,0.9873417721518988,0.012658227848101266
62,4.0,0.0,1819.0,0.0,0.9838709677419355,0.016129032258064516
79,1.0,0.0,176.0,0.0,0.9873417721518988,0.012658227848101266
64,4.0,0.0,2463.0,0.0,0.984375,0.015625
79,1.0,0.0,171.0,0.0,0.9873417721518988,0.012658227848101266
79,37.0,0.0,312.0,0.0,0.9873417721518988,0.012658227848101266
63,4.0,0.0,1693.0,0.0,0.9841269841269841,0.015873015873015872
79,1.0,0.0,179.0,0.0,0.9873417721518988,0.012658227848101266
61,4.0,0.0,2291.0,0.0,0.9836065573770492,0.01639344262295082
79,1.0,0.0,215.0,0.0,0.9873417721518988,0.012658227848101266
64,5.0,0.0,1163.0,0.0,0.984375,0.015625
63,30.0,0.0,3951.0,0.0,0.9841269841269841,0.015873015873015872
79,1.0,0.0,184.0,0.0,0.9873417721518988,0.012658227848101266
79,1.0,0.0,264.0,0.0,0.9873417721518988,0.012658227848101266
62,4.0,0.0,1651.0,0.0,0.9838709677419355,0.016129032258064516
79,1.0,0.0,201.0,0.0,0.9873417721518988,0.012658227848101266
60,4.0,0.0,1793.0,0.0,0.9833333333333333,0.016666666666666666
79,1.0,0.0,214.0,0.0,0.9873417721518988,0.012658227848101266
64,4.0,0.0,2286.0,0.0,0.984375,0.015625
79,1.0,0.0,199.0,0.0,0.9873417721518988,0.012658227848101266
63,5.0,0.0,1284.0,0.0,0.9841269841269841,0.015873015873015872
79,1.0,0.0,184.0,0.0,0.9873417721518988,0.012658227848101266
63,4.0,0.0,1623.0,0.0,0.9841269841269841,0.015873015873015872
79,1.0,0.0,203.0,0.0,0.9873417721518988,0.012658227848101266
62,5.0,0.0,2617.0,0.0,0.9838709677419355,0.016129032258064516
79,1.0,0.0,182.0,0.0,0.9873417721518988,0.012658227848101266
63,4.0,0.0,1633.0,0.0,0.9841269841269841,0.015873015873015872
79,1.0,0.0,207.0,0.0,0.9873417721518988,0.012658227848101266
61,4.0,0.0,2370.0,0.0,0.9836065573770492,0.01639344262295082
79,1.0,0.0,183.0,0.0,0.9873417721518988,0.012658227848101266
59,4.0,0.0,1819.0,0.0,0.9830508474576272,0.01694915254237288
63,4.0,0.0,1346.0,0.0,0.9841269841269841,0.015873015873015872
79,1.0,0.0,210.0,0.0,0.9873417721518988,0.012658227848101266
79,1.0,0.0,209.0,0.0,0.9873417721518988,0.012658227848101266
64,4.0,0.0,2399.0,0.0,0.984375,0.015625
79,1.0,0.0,188.0,0.0,0.9873417721518988,0.012658227848101266
58,4.0,0.0,1907.0,0.0,0.9827586206896551,0.017241379310344827
79,1.0,0.0,233.0,0.0,0.9873417721518988,0.012658227848101266
70,31.0,0.0,1939.0,0.0,0.9857142857142858,0.014285714285714285
59,4.0,0.0,1476.0,0.0,0.9830508474576272,0.01694915254237288
79,1.0,0.0,180.0,0.0,0.9873417721518988,0.012658227848101266
70,4.0,0.0,1736.0,0.0,0.9857142857142858,0.014285714285714285
59,4.0,0.0,1986.0,0.0,0.9830508474576272,0.01694915254237288
79,1.0,0.0,196.0,0.0,0.9873417721518988,0.012658227848101266
74,5.0,0.0,1694.0,0.0,0.9864864864864865,0.013513513513513514
52,6.0,0.0,3224.0,0.0,0.9807692307692307,0.019230769230769232
79,1.0,0.0,257.0,0.0,0.9873417721518988,0.012658227848101266
72,5.0,0.0,1686.0,0.0,0.9861111111111112,0.013888888888888888
60,5.0,0.0,1846.0,0.0,0.9833333333333333,0.016666666666666666
79,1.0,0.0,211.0,0.0,0.9873417721518988,0.012658227848101266
74,5.0,0.0,1891.0,0.0,0.9864864864864865,0.013513513513513514
62,4.0,0.0,1568.0,0.0,0.9838709677419355,0.016129032258064516
79,1.0,0.0,219.0,0.0,0.9873417721518988,0.012658227848101266
57,23.0,0.0,1435.0,0.0,0.9824561403508771,0.017543859649122806
60,4.0,0.0,2490.0,0.0,0.9833333333333333,0.016666666666666666
79,1.0,0.0,216.0,0.0,0.9873417721518988,0.012658227848101266
71,4.0,0.0,2222.0,0.0,0.9859154929577465,0.014084507042253521
66,19.0,0.0,1939.0,0.0,0.9848484848484849,0.015151515151515152
70,4.0,0.0,1920.0,0.0,0.9857142857142858,0.014285714285714285
62,4.0,0.0,2192.0,0.0,0.9838709677419355,0.016129032258064516
71,4.0,0.0,1622.0,0.0,0.9859154929577465,0.014084507042253521
74,4.0,0.0,2473.0,0.0,0.9864864864864865,0.013513513513513514
79,1.0,0.0,266.0,0.0,0.9873417721518988,0.012658227848101266
79,1.0,0.0,236.0,0.0,0.9873417721518988,0.012658227848101266
60,5.0,0.0,1929.0,0.0,0.9833333333333333,0.016666666666666666
79,1.0,0.0,212.0,0.0,0.9873417721518988,0.012658227848101266
65,4.0,0.0,1671.0,0.0,0.9846153846153847,0.015384615384615385
79,1.0,0.0,207.0,0.0,0.9873417721518988,0.012658227848101266
70,3.0,0.0,2163.0,0.0,0.9857142857142858,0.014285714285714285
58,7.0,0.0,2036.0,0.0,0.9827586206896551,0.017241379310344827
79,1.0,0.0,219.0,0.0,0.9873417721518988,0.012658227848101266
72,5.0,0.0,2408.0,0.0,0.9861111111111112,0.013888888888888888
58,4.0,0.0,1831.0,0.0,0.9827586206896551,0.017241379310344827
79,1.0,0.0,232.0,0.0,0.9873417721518988,0.012658227848101266
72,6.0,0.0,2123.0,0.0,0.9861111111111112,0.013888888888888888
59,4.0,0.0,1941.0,0.0,0.9830508474576272,0.01694915254237288
79,1.0,0.0,203.0,0.0,0.9873417721518988,0.012658227848101266
71,4.0,0.0,1905.0,0.0,0.9859154929577465,0.014084507042253521
64,4.0,0.0,1852.0,0.0,0.984375,0.015625
79,1.0,0.0,201.0,0.0,0.9873417721518988,0.012658227848101266
72,5.0,0.0,1971.0,0.0,0.9861111111111112,0.013888888888888888
57,4.0,0.0,2715.0,0.0,0.9824561403508771,0.017543859649122806
79,1.0,0.0,205.0,0.0,0.9873417721518988,0.012658227848101266
72,5.0,0.0,1364.0,0.0,0.9861111111111112,0.013888888888888888
57,4.0,0.0,2804.0,0.0,0.9824561403508771,0.017543859649122806
79,1.0,0.0,240.0,0.0,0.9873417721518988,0.012658227848101266
72,5.0,0.0,1521.0,0.0,0.9861111111111112,0.013888888888888888
60,4.0,0.0,2253.0,0.0,0.9833333333333333,0.016666666666666666
72,4.0,0.0,2549.0,0.0,0.9861111111111112,0.013888888888888888
44,23.0,0.0,1456.0,0.0,0.9772727272727273,0.022727272727272728
72,4.0,0.0,2147.0,0.0,0.9861111111111112,0.013888888888888888
71,5.0,0.0,3034.0,0.0,0.9859154929577465,0.014084507042253521
63,3.0,0.0,1761.0,0.0,0.9841269841269841,0.015873015873015872
59,5.0,0.0,3210.0,0.0,0.9830508474576272,0.01694915254237288
76,5.0,0.0,1550.0,0.0,0.9868421052631579,0.013157894736842105
61,4.0,0.0,1814.0,0.0,0.9836065573770492,0.01639344262295082
67,4.0,0.0,2553.0,0.0,0.9850746268656716,0.014925373134328358
63,4.0,0.0,1473.0,0.0,0.9841269841269841,0.015873015873015872
71,4.0,0.0,1996.0,0.0,0.9859154929577465,0.014084507042253521
64,4.0,0.0,2023.0,0.0,0.984375,0.015625
69,4.0,0.0,1534.0,0.0,0.9855072463768116,0.014492753623188406
61,5.0,0.0,1746.0,0.0,0.9836065573770492,0.01639344262295082
72,5.0,0.0,1532.0,0.0,0.9861111111111112,0.013888888888888888
56,5.0,0.0,2367.0,0.0,0.9821428571428571,0.017857142857142856
72,5.0,0.0,2412.0,0.0,0.9861111111111112,0.013888888888888888
61,4.0,0.0,1511.0,0.0,0.9836065573770492,0.01639344262295082
68,4.0,0.0,3029.0,0.0,0.9852941176470589,0.014705882352941176
63,4.0,0.0,1497.0,0.0,0.9841269841269841,0.015873015873015872
71,4.0,0.0,1815.0,0.0,0.9859154929577465,0.014084507042253521
59,5.0,0.0,2554.0,0.0,0.9830508474576272,0.01694915254237288
72,5.0,0.0,2006.0,0.0,0.9861111111111112,0.013888888888888888
72,5.0,0.0,2089.0,0.0,0.9861111111111112,0.013888888888888888
48,22.0,0.0,1670.0,0.0,0.9791666666666666,0.020833333333333332
62,4.0,0.0,1307.0,0.0,0.9838709677419355,0.016129032258064516
70,4.0,0.0,1838.0,0.0,0.9857142857142858,0.014285714285714285
62,4.0,0.0,2287.0,0.0,0.9838709677419355,0.016129032258064516
72,5.0,0.0,2172.0,0.0,0.9861111111111112,0.013888888888888888
60,5.0,0.0,2114.0,0.0,0.9833333333333333,0.016666666666666666
71,4.0,0.0,1619.0,0.0,0.9859154929577465,0.014084507042253521
62,4.0,0.0,1657.0,0.0,0.9838709677419355,0.016129032258064516
71,4.0,0.0,1534.0,0.0,0.9859154929577465,0.014084507042253521
55,4.0,0.0,2696.0,0.0,0.9818181818181818,0.01818181818181818
69,4.0,0.0,1821.0,0.0,0.9855072463768116,0.014492753623188406
61,5.0,0.0,2391.0,0.0,0.9836065573770492,0.01639344262295082
75,6.0,0.0,2032.0,0.0,0.9866666666666667,0.013333333333333334
61,4.0,0.0,1914.0,0.0,0.9836065573770492,0.01639344262295082
70,5.0,0.0,2431.0,0.0,0.9857142857142858,0.014285714285714285
59,6.0,0.0,2844.0,0.0,0.9830508474576272,0.01694915254237288
70,4.0,0.0,2091.0,0.0,0.9857142857142858,0.014285714285714285
62,5.0,0.0,1724.0,0.0,0.9838709677419355,0.016129032258064516
71,4.0,0.0,2664.0,0.0,0.9859154929577465,0.014084507042253521
69,4.0,0.0,2812.0,0.0,0.9855072463768116,0.014492753623188406
62,3.0,0.0,1451.0,0.0,0.9838709677419355,0.016129032258064516
60,5.0,0.0,2210.0,0.0,0.9833333333333333,0.016666666666666666
72,4.0,0.0,2555.0,0.0,0.9861111111111112,0.013888888888888888
62,4.0,0.0,1590.0,0.0,0.9838709677419355,0.016129032258064516
71,5.0,0.0,1936.0,0.0,0.9859154929577465,0.014084507042253521
59,4.0,0.0,1428.0,0.0,0.9830508474576272,0.01694915254237288
76,6.0,0.0,1664.0,0.0,0.9868421052631579,0.013157894736842105
63,4.0,0.0,1573.0,0.0,0.9841269841269841,0.015873015873015872
69,5.0,0.0,2335.0,0.0,0.9855072463768116,0.014492753623188406
62,4.0,0.0,1577.0,0.0,0.9838709677419355,0.016129032258064516
69,4.0,0.0,2608.0,0.0,0.9855072463768116,0.014492753623188406
61,4.0,0.0,1967.0,0.0,0.9836065573770492,0.01639344262295082
71,4.0,0.0,1575.0,0.0,0.9859154929577465,0.014084507042253521
58,4.0,0.0,1418.0,0.0,0.9827586206896551,0.017241379310344827
58,24.0,0.0,2000.0,0.0,0.9827586206896551,0.017241379310344827
61,5.0,0.0,4413.0,0.0,0.9836065573770492,0.01639344262295082
87,6.0,0.0,2055.0,0.0,0.9885057471264368,0.011494252873563218
61,4.0,0.0,1862.0,0.0,0.9836065573770492,0.01639344262295082
72,5.0,0.0,2385.0,0.0,0.9861111111111112,0.013888888888888888
72,4.0,0.0,1881.0,0.0,0.9861111111111112,0.013888888888888888
61,5.0,0.0,1731.0,0.0,0.9836065573770492,0.01639344262295082
62,5.0,0.0,2214.0,0.0,0.9838709677419355,0.016129032258064516
70,5.0,0.0,2448.0,0.0,0.9857142857142858,0.014285714285714285
63,5.0,0.0,3116.0,0.0,0.9841269841269841,0.015873015873015872
72,5.0,0.0,2428.0,0.0,0.9861111111111112,0.013888888888888888
61,4.0,0.0,2407.0,0.0,0.9836065573770492,0.01639344262295082
72,5.0,0.0,1909.0,0.0,0.9861111111111112,0.013888888888888888
58,5.0,0.0,2714.0,0.0,0.9827586206896551,0.017241379310344827
72,5.0,0.0,1623.0,0.0,0.9861111111111112,0.013888888888888888
56,5.0,0.0,2551.0,0.0,0.9821428571428571,0.017857142857142856
68,4.0,0.0,2485.0,0.0,0.9852941176470589,0.014705882352941176
59,5.0,0.0,1422.0,0.0,0.9830508474576272,0.01694915254237288
72,4.0,0.0,1660.0,0.0,0.9861111111111112,0.013888888888888888
60,4.0,0.0,1802.0,0.0,0.9833333333333333,0.016666666666666666
70,4.0,0.0,2060.0,0.0,0.9857142857142858,0.014285714285714285
62,4.0,0.0,1904.0,0.0,0.9838709677419355,0.016129032258064516
76,5.0,0.0,1389.0,0.0,0.9868421052631579,0.013157894736842105
61,5.0,0.0,2079.0,0.0,0.9836065573770492,0.01639344262295082
82,6.0,0.0,2548.0,0.0,0.9878048780487805,0.012195121951219513
71,4.0,0.0,1632.0,0.0,0.9859154929577465,0.014084507042253521
71,4.0,0.0,2808.0,0.0,0.9859154929577465,0.014084507042253521
74,5.0,0.0,1975.0,0.0,0.9864864864864865,0.013513513513513514
72,5.0,0.0,1553.0,0.0,0.9861111111111112,0.013888888888888888
71,4.0,0.0,1922.0,0.0,0.9859154929577465,0.014084507042253521
63,6.0,0.0,1944.0,0.0,0.9841269841269841,0.015873015873015872
75,5.0,0.0,2125.0,0.0,0.9866666666666667,0.013333333333333334
76,7.0,0.0,2617.0,0.0,0.9868421052631579,0.013157894736842105
56,22.0,0.0,1805.0,0.0,0.9821428571428571,0.017857142857142856
72,5.0,0.0,2462.0,0.0,0.9861111111111112,0.013888888888888888
71,4.0,0.0,1680.0,0.0,0.9859154929577465,0.014084507042253521
71,4.0,0.0,2208.0,0.0,0.9859154929577465,0.014084507042253521
74,4.0,0.0,1656.0,0.0,0.9864864864864865,0.013513513513513514
67,4.0,0.0,1891.0,0.0,0.9850746268656716,0.014925373134328358
71,4.0,0.0,2273.0,0.0,0.9859154929577465,0.014084507042253521
71,4.0,0.0,2983.0,0.0,0.9859154929577465,0.014084507042253521
74,5.0,0.0,2593.0,0.0,0.9864864864864865,0.013513513513513514
69,4.0,0.0,2880.0,0.0,0.9855072463768116,0.014492753623188406
70,4.0,0.0,2189.0,0.0,0.9857142857142858,0.014285714285714285
69,4.0,0.0,1953.0,0.0,0.9855072463768116,0.014492753623188406
74,6.0,0.0,2249.0,0.0,0.9864864864864865,0.013513513513513514
68,4.0,0.0,3034.0,0.0,0.9852941176470589,0.014705882352941176
70,4.0,0.0,1949.0,0.0,0.9857142857142858,0.014285714285714285
71,4.0,0.0,2051.0,0.0,0.9859154929577465,0.014084507042253521
69,4.0,0.0,1831.0,0.0,0.9855072463768116,0.014492753623188406
71,3.0,0.0,1969.0,0.0,0.9859154929577465,0.014084507042253521
67,4.0,0.0,2921.0,0.0,0.9850746268656716,0.014925373134328358
71,3.0,0.0,1509.0,0.0,0.9859154929577465,0.014084507042253521
73,4.0,0.0,1704.0,0.0,0.9863013698630136,0.0136986301369863
69,4.0,0.0,1878.0,0.0,0.9855072463768116,0.014492753623188406
72,4.0,0.0,2627.0,0.0,0.9861111111111112,0.013888888888888888
66,4.0,0.0,2536.0,0.0,0.9848484848484849,0.015151515151515152
71,5.0,0.0,2392.0,0.0,0.9859154929577465,0.014084507042253521
67,4.0,0.0,2549.0,0.0,0.9850746268656716,0.014925373134328358
57,22.0,0.0,1933.0,0.0,0.9824561403508771,0.017543859649122806
72,5.0,0.0,1525.0,0.0,0.9861111111111112,0.013888888888888888
71,4.0,0.0,1574.0,0.0,0.9859154929577465,0.014084507042253521
74,5.0,0.0,1226.0,0.0,0.9864864864864865,0.013513513513513514
70,4.0,0.0,2844.0,0.0,0.9857142857142858,0.014285714285714285
70,4.0,0.0,2086.0,0.0,0.9857142857142858,0.014285714285714285
70,6.0,0.0,2175.0,0.0,0.9857142857142858,0.014285714285714285
22,14.0,0.0,58.0,0.0,0.9090909090909091,0.045454545454545456
79,38.0,0.0,372.0,0.0,0.9873417721518988,0.012658227848101266
79,47.0,0.0,482.0,0.0,0.9873417721518988,0.012658227848101266
79,42.0,0.0,397.0,0.0,0.9873417721518988,0.012658227848101266
79,50.0,0.0,406.0,0.0,0.9873417721518988,0.012658227848101266
79,41.0,0.0,356.0,0.0,0.9873417721518988,0.012658227848101266
79,51.0,0.0,433.0,0.0,0.9873417721518988,0.012658227848101266
79,48.0,0.0,412.0,0.0,0.9873417721518988,0.012658227848101266
79,47.0,0.0,368.0,0.0,0.9873417721518988,0.012658227848101266
79,54.0,0.0,342.0,0.0,0.9873417721518988,0.012658227848101266
79,44.0,0.0,378.0,0.0,0.9873417721518988,0.012658227848101266
79,47.0,0.0,377.0,0.0,0.9873417721518988,0.012658227848101266
79,38.0,0.0,365.0,0.0,0.9873417721518988,0.012658227848101266
79,37.0,0.0,390.0,0.0,0.9873417721518988,0.012658227848101266
79,45.0,0.0,390.0,0.0,0.9873417721518988,0.012658227848101266
79,46.0,0.0,358.0,0.0,0.9873417721518988,0.012658227848101266
79,35.0,0.0,355.0,0.0,0.9873417721518988,0.012658227848101266
79,53.0,0.0,387.0,0.0,0.9873417721518988,0.012658227848101266
79,40.0,0.0,367.0,0.0,0.9873417721518988,0.012658227848101266
79,50.0,0.0,376.0,0.0,0.9873417721518988,0.012658227848101266
79,39.0,0.0,343.0,0.0,0.9873417721518988,0.012658227848101266
79,48.0,0.0,467.0,0.0,0.9873417721518988,0.012658227848101266
79,49.0,0.0,420.0,0.0,0.9873417721518988,0.012658227848101266
79,43.0,0.0,376.0,0.0,0.9873417721518988,0.012658227848101266
79,41.0,0.0,428.0,0.0,0.9873417721518988,0.012658227848101266
79,53.0,0.0,397.0,0.0,0.9873417721518988,0.012658227848101266
79,45.0,0.0,395.0,0.0,0.9873417721518988,0.012658227848101266
79,52.0,0.0,426.0,0.0,0.9873417721518988,0.012658227848101266
79,39.0,0.0,426.0,0.0,0.9873417721518988,0.012658227848101266
79,47.0,0.0,414.0,0.0,0.9873417721518988,0.012658227848101266
79,39.0,0.0,416.0,0.0,0.9873417721518988,0.012658227848101266
79,40.0,0.0,354.0,0.0,0.9873417721518988,0.012658227848101266
79,39.0,0.0,430.0,0.0,0.9873417721518988,0.012658227848101266
79,1.0,0.0,250.0,0.0,0.9873417721518988,0.012658227848101266
79,1.0,0.0,281.0,0.0,0.9873417721518988,0.012658227848101266
79,1.0,0.0,272.0,0.0,0.9873417721518988,0.012658227848101266
79,1.0,0.0,313.0,0.0,0.9873417721518988,0.012658227848101266
79,1.0,0.0,275.0,0.0,0.9873417721518988,0.012658227848101266
79,1.0,0.0,265.0,0.0,0.9873417721518988,0.012658227848101266
79,35.0,0.0,381.0,0.0,0.9873417721518988,0.012658227848101266
79,1.0,0.0,303.0,0.0,0.9873417721518988,0.012658227848101266
79,55.0,0.0,400.0,0.0,0.9873417721518988,0.012658227848101266
79,1.0,0.0,284.0,0.0,0.9873417721518988,0.012658227848101266
79,1.0,0.0,282.0,0.0,0.9873417721518988,0.012658227848101266
79,1.0,0.0,274.0,0.0,0.9873417721518988,0.012658227848101266
79,56.0,0.0,367.0,0.0,0.9873417721518988,0.012658227848101266
79,60.0,0.0,410.0,0.0,0.9873417721518988,0.012658227848101266
79,63.0,0.0,439.0,0.0,0.9873417721518988,0.012658227848101266
79,46.0,0.0,414.0,0.0,0.9873417721518988,0.012658227848101266
79,48.0,0.0,379.0,0.0,0.9873417721518988,0.012658227848101266
79,41.0,0.0,395.0,0.0,0.9873417721518988,0.012658227848101266
79,53.0,0.0,374.0,0.0,0.9873417721518988,0.012658227848101266
79,48.0,0.0,391.0,0.0,0.9873417721518988,0.012658227848101266
79,53.0,0.0,345.0,0.0,0.9873417721518988,0.012658227848101266
79,50.0,0.0,610.0,0.0,0.9873417721518988,0.012658227848101266
79,1.0,0.0,272.0,0.0,0.9873417721518988,0.012658227848101266
79,1.0,0.0,271.0,0.0,0.9873417721518988,0.012658227848101266
79,1.0,0.0,277.0,0.0,0.9873417721518988,0.012658227848101266
79,1.0,0.0,277.0,0.0,0.9873417721518988,0.012658227848101266
79,1.0,0.0,258.0,0.0,0.9873417721518988,0.012658227848101266
79,1.0,0.0,286.0,0.0,0.9873417721518988,0.012658227848101266
79,1.0,0.0,260.0,0.0,0.9873417721518988,0.012658227848101266
79,1.0,0.0,288.0,0.0,0.9873417721518988,0.012658227848101266
79,56.0,0.0,370.0,0.0,0.9873417721518988,0.012658227848101266
79,1.0,0.0,274.0,0.0,0.9873417721518988,0.012658227848101266
79,1.0,0.0,277.0,0.0,0.9873417721518988,0.012658227848101266
79,53.0,0.0,315.0,0.0,0.9873417721518988,0.012658227848101266
79,38.0,0.0,453.0,0.0,0.9873417721518988,0.012658227848101266
79,47.0,0.0,397.0,0.0,0.9873417721518988,0.012658227848101266
79,44.0,0.0,430.0,0.0,0.9873417721518988,0.012658227848101266
79,59.0,0.0,353.0,0.0,0.9873417721518988,0.012658227848101266
79,46.0,0.0,373.0,0.0,0.9873417721518988,0.012658227848101266
79,48.0,0.0,347.0,0.0,0.9873417721518988,0.012658227848101266
79,63.0,0.0,391.0,0.0,0.9873417721518988,0.012658227848101266
79,57.0,0.0,329.0,0.0,0.9873417721518988,0.012658227848101266
79,54.0,0.0,426.0,0.0,0.9873417721518988,0.012658227848101266
79,39.0,0.0,323.0,0.0,0.9873417721518988,0.012658227848101266
79,49.0,0.0,383.0,0.0,0.9873417721518988,0.012658227848101266
79,44.0,0.0,339.0,0.0,0.9873417721518988,0.012658227848101266
79,38.0,0.0,385.0,0.0,0.9873417721518988,0.012658227848101266
79,39.0,0.0,288.0,0.0,0.9873417721518988,0.012658227848101266
79,55.0,0.0,418.0,0.0,0.9873417721518988,0.012658227848101266
79,34.0,0.0,284.0,0.0,0.9873417721518988,0.012658227848101266
79,46.0,0.0,390.0,0.0,0.9873417721518988,0.012658227848101266
79,1.0,0.0,269.0,0.0,0.9873417721518988,0.012658227848101266
79,40.0,0.0,333.0,0.0,0.9873417721518988,0.012658227848101266
79,55.0,0.0,406.0,0.0,0.9873417721518988,0.012658227848101266
79,1.0,0.0,296.0,0.0,0.9873417721518988,0.012658227848101266
79,1.0,0.0,317.0,0.0,0.9873417721518988,0.012658227848101266
79,1.0,0.0,293.0,0.0,0.9873417721518988,0.012658227848101266
79,1.0,0.0,264.0,0.0,0.9873417721518988,0.012658227848101266
79,1.0,0.0,269.0,0.0,0.9873417721518988,0.012658227848101266
79,1.0,0.0,262.0,0.0,0.9873417721518988,0.012658227848101266
79,1.0,0.0,283.0,0.0,0.9873417721518988,0.012658227848101266
79,42.0,0.0,312.0,0.0,0.9873417721518988,0.012658227848101266
79,1.0,0.0,266.0,0.0,0.9873417721518988,0.012658227848101266
79,37.0,0.0,295.0,0.0,0.9873417721518988,0.012658227848101266
79,1.0,0.0,269.0,0.0,0.9873417721518988,0.012658227848101266
79,52.0,0.0,373.0,0.0,0.9873417721518988,0.012658227848101266
79,49.0,0.0,414.0,0.0,0.9873417721518988,0.012658227848101266
79,58.0,0.0,346.0,0.0,0.9873417721518988,0.012658227848101266
79,57.0,0.0,428.0,0.0,0.9873417721518988,0.012658227848101266
79,62.0,0.0,397.0,0.0,0.9873417721518988,0.012658227848101266
79,53.0,0.0,416.0,0.0,0.9873417721518988,0.012658227848101266
79,39.0,0.0,291.0,0.0,0.9873417721518988,0.012658227848101266
79,40.0,0.0,299.0,0.0,0.9873417721518988,0.012658227848101266
79,49.0,0.0,426.0,0.0,0.9873417721518988,0.012658227848101266
79,49.0,0.0,302.0,0.0,0.9873417721518988,0.012658227848101266
79,42.0,0.0,351.0,0.0,0.9873417721518988,0.012658227848101266
79,48.0,0.0,341.0,0.0,0.9873417721518988,0.012658227848101266
79,43.0,0.0,435.0,0.0,0.9873417721518988,0.012658227848101266
79,67.0,0.0,355.0,0.0,0.9873417721518988,0.012658227848101266
79,53.0,0.0,396.0,0.0,0.9873417721518988,0.012658227848101266
79,46.0,0.0,298.0,0.0,0.9873417721518988,0.012658227848101266
79,52.0,0.0,366.0,0.0,0.9873417721518988,0.012658227848101266
79,1.0,0.0,275.0,0.0,0.9873417721518988,0.012658227848101266
79,43.0,0.0,302.0,0.0,0.9873417721518988,0.012658227848101266
79,50.0,0.0,385.0,0.0,0.9873417721518988,0.012658227848101266
79,1.0,0.0,260.0,0.0,0.9873417721518988,0.012658227848101266
79,49.0,0.0,296.0,0.0,0.9873417721518988,0.012658227848101266
79,59.0,0.0,458.0,0.0,0.9873417721518988,0.012658227848101266
79,1.0,0.0,308.0,0.0,0.9873417721518988,0.012658227848101266
79,1.0,0.0,301.0,0.0,0.9873417721518988,0.012658227848101266
79,1.0,0.0,318.0,0.0,0.9873417721518988,0.012658227848101266
79,1.0,0.0,287.0,0.0,0.9873417721518988,0.012658227848101266
79,1.0,0.0,290.0,0.0,0.9873417721518988,0.012658227848101266
79,1.0,0.0,302.0,0.0,0.9873417721518988,0.012658227848101266
79,1.0,0.0,313.0,0.0,0.9873417721518988,0.012658227848101266
79,1.0,0.0,295.0,0.0,0.9873417721518988,0.012658227848101266
79,48.0,0.0,331.0,0.0,0.9873417721518988,0.012658227848101266
79,51.0,0.0,318.0,0.0,0.9873417721518988,0.012658227848101266
79,42.0,0.0,403.0,0.0,0.9873417721518988,0.012658227848101266
79,51.0,0.0,315.0,0.0,0.9873417721518988,0.012658227848101266
79,55.0,0.0,385.0,0.0,0.9873417721518988,0.012658227848101266
79,44.0,0.0,336.0,0.0,0.9873417721518988,0.012658227848101266
79,54.0,0.0,381.0,0.0,0.9873417721518988,0.012658227848101266
79,51.0,0.0,408.0,0.0,0.9873417721518988,0.012658227848101266
79,39.0,0.0,393.0,0.0,0.9873417721518988,0.012658227848101266
79,42.0,0.0,372.0,0.0,0.9873417721518988,0.012658227848101266
79,40.0,0.0,295.0,0.0,0.9873417721518988,0.012658227848101266
79,49.0,0.0,335.0,0.0,0.9873417721518988,0.012658227848101266
79,55.0,0.0,386.0,0.0,0.9873417721518988,0.012658227848101266
79,41.0,0.0,318.0,0.0,0.9873417721518988,0.012658227848101266
79,42.0,0.0,371.0,0.0,0.9873417721518988,0.012658227848101266
79,50.0,0.0,326.0,0.0,0.9873417721518988,0.012658227848101266
79,47.0,0.0,431.0,0.0,0.9873417721518988,0.012658227848101266
79,1.0,0.0,294.0,0.0,0.9873417721518988,0.012658227848101266
79,48.0,0.0,352.0,0.0,0.9873417721518988,0.012658227848101266
79,57.0,0.0,384.0,0.0,0.9873417721518988,0.012658227848101266
79,1.0,0.0,274.0,0.0,0.9873417721518988,0.012658227848101266
79,41.0,0.0,333.0,0.0,0.9873417721518988,0.012658227848101266
79,51.0,0.0,401.0,0.0,0.9873417721518988,0.012658227848101266
79,1.0,0.0,196.0,0.0,0.9873417721518988,0.012658227848101266
79,1.0,0.0,291.0,0.0,0.9873417721518988,0.012658227848101266
79,48.0,0.0,370.0,0.0,0.9873417721518988,0.012658227848101266
79,44.0,0.0,482.0,0.0,0.9873417721518988,0.012658227848101266
79,1.0,0.0,218.0,0.0,0.9873417721518988,0.012658227848101266
79,1.0,0.0,300.0,0.0,0.9873417721518988,0.012658227848101266
79,1.0,0.0,241.0,0.0,0.9873417721518988,0.012658227848101266
79,1.0,0.0,322.0,0.0,0.9873417721518988,0.012658227848101266
79,1.0,0.0,225.0,0.0,0.9873417721518988,0.012658227848101266
79,1.0,0.0,293.0,0.0,0.9873417721518988,0.012658227848101266
79,1.0,0.0,200.0,0.0,0.9873417721518988,0.012658227848101266
79,1.0,0.0,303.0,0.0,0.9873417721518988,0.012658227848101266
79,1.0,0.0,204.0,0.0,0.9873417721518988,0.012658227848101266
79,1.0,0.0,311.0,0.0,0.9873417721518988,0.012658227848101266
79,1.0,0.0,241.0,0.0,0.9873417721518988,0.012658227848101266
79,1.0,0.0,310.0,0.0,0.9873417721518988,0.012658227848101266
79,1.0,0.0,229.0,0.0,0.9873417721518988,0.012658227848101266
79,1.0,0.0,269.0,0.0,0.9873417721518988,0.012658227848101266
79,1.0,0.0,221.0,0.0,0.9873417721518988,0.012658227848101266
79,1.0,0.0,227.0,0.0,0.9873417721518988,0.012658227848101266
79,53.0,0.0,361.0,0.0,0.9873417721518988,0.012658227848101266
79,48.0,0.0,378.0,0.0,0.9873417721518988,0.012658227848101266
79,44.0,0.0,304.0,0.0,0.9873417721518988,0.012658227848101266
79,29.0,0.0,398.0,0.0,0.9873417721518988,0.012658227848101266
79,36.0,0.0,333.0,0.0,0.9873417721518988,0.012658227848101266
79,60.0,0.0,403.0,0.0,0.9873417721518988,0.012658227848101266
79,44.0,0.0,379.0,0.0,0.9873417721518988,0.012658227848101266
79,51.0,0.0,386.0,0.0,0.9873417721518988,0.012658227848101266
79,46.0,0.0,440.0,0.0,0.9873417721518988,0.012658227848101266
79,52.0,0.0,399.0,0.0,0.9873417721518988,0.012658227848101266
79,33.0,0.0,399.0,0.0,0.9873417721518988,0.012658227848101266
79,41.0,0.0,324.0,0.0,0.9873417721518988,0.012658227848101266
79,55.0,0.0,343.0,0.0,0.9873417721518988,0.012658227848101266
79,35.0,0.0,421.0,0.0,0.9873417721518988,0.012658227848101266
79,1.0,0.0,307.0,0.0,0.9873417721518988,0.012658227848101266
79,45.0,0.0,302.0,0.0,0.9873417721518988,0.012658227848101266
79,41.0,0.0,379.0,0.0,0.9873417721518988,0.012658227848101266
79,1.0,0.0,306.0,0.0,0.9873417721518988,0.012658227848101266
79,34.0,0.0,353.0,0.0,0.9873417721518988,0.012658227848101266
79,46.0,0.0,413.0,0.0,0.9873417721518988,0.012658227848101266
79,1.0,0.0,229.0,0.0,0.9873417721518988,0.012658227848101266
79,1.0,0.0,294.0,0.0,0.9873417721518988,0.012658227848101266
79,41.0,0.0,344.0,0.0,0.9873417721518988,0.012658227848101266
79,51.0,0.0,384.0,0.0,0.9873417721518988,0.012658227848101266
79,1.0,0.0,239.0,0.0,0.9873417721518988,0.012658227848101266
79,1.0,0.0,296.0,0.0,0.9873417721518988,0.012658227848101266
79,38.0,0.0,289.0,0.0,0.9873417721518988,0.012658227848101266
79,37.0,0.0,436.0,0.0,0.9873417721518988,0.012658227848101266
79,1.0,0.0,457.0,0.0,0.9873417721518988,0.012658227848101266
79,1.0,0.0,283.0,0.0,0.9873417721518988,0.012658227848101266
79,1.0,0.0,229.0,0.0,0.9873417721518988,0.012658227848101266
79,1.0,0.0,331.0,0.0,0.9873417721518988,0.012658227848101266
79,1.0,0.0,311.0,0.0,0.9873417721518988,0.012658227848101266
79,1.0,0.0,283.0,0.0,0.9873417721518988,0.012658227848101266
79,1.0,0.0,236.0,0.0,0.9873417721518988,0.012658227848101266
79,1.0,0.0,282.0,0.0,0.9873417721518988,0.012658227848101266
79,1.0,0.0,232.0,0.0,0.9873417721518988,0.012658227848101266
79,1.0,0.0,324.0,0.0,0.9873417721518988,0.012658227848101266
79,1.0,0.0,390.0,0.0,0.9873417721518988,0.012658227848101266
79,1.0,0.0,290.0,0.0,0.9873417721518988,0.012658227848101266
79,1.0,0.0,249.0,0.0,0.9873417721518988,0.012658227848101266
79,1.0,0.0,206.0,0.0,0.9873417721518988,0.012658227848101266
79,43.0,0.0,347.0,0.0,0.9873417721518988,0.012658227848101266
79,45.0,0.0,377.0,0.0,0.9873417721518988,0.012658227848101266
79,45.0,0.0,319.0,0.0,0.9873417721518988,0.012658227848101266
79,46.0,0.0,413.0,0.0,0.9873417721518988,0.012658227848101266
79,37.0,0.0,379.0,0.0,0.9873417721518988,0.012658227848101266
79,47.0,0.0,399.0,0.0,0.9873417721518988,0.012658227848101266
79,59.0,0.0,346.0,0.0,0.9873417721518988,0.012658227848101266
79,61.0,0.0,419.0,0.0,0.9873417721518988,0.012658227848101266
79,54.0,0.0,474.0,0.0,0.9873417721518988,0.012658227848101266
79,49.0,0.0,391.0,0.0,0.9873417721518988,0.012658227848101266
79,43.0,0.0,417.0,0.0,0.9873417721518988,0.012658227848101266
79,35.0,0.0,398.0,0.0,0.9873417721518988,0.012658227848101266
79,45.0,0.0,373.0,0.0,0.9873417721518988,0.012658227848101266
79,1.0,0.0,302.0,0.0,0.9873417721518988,0.012658227848101266
79,57.0,0.0,382.0,0.0,0.9873417721518988,0.012658227848101266
79,1.0,0.0,308.0,0.0,0.9873417721518988,0.012658227848101266
79,51.0,0.0,415.0,0.0,0.9873417721518988,0.012658227848101266
79,47.0,0.0,431.0,0.0,0.9873417721518988,0.012658227848101266
79,1.0,0.0,205.0,0.0,0.9873417721518988,0.012658227848101266
79,1.0,0.0,282.0,0.0,0.9873417721518988,0.012658227848101266
79,47.0,0.0,315.0,0.0,0.9873417721518988,0.012658227848101266
79,58.0,0.0,410.0,0.0,0.9873417721518988,0.012658227848101266
79,1.0,0.0,205.0,0.0,0.9873417721518988,0.012658227848101266
79,1.0,0.0,291.0,0.0,0.9873417721518988,0.012658227848101266
79,43.0,0.0,323.0,0.0,0.9873417721518988,0.012658227848101266
79,33.0,0.0,405.0,0.0,0.9873417721518988,0.012658227848101266
79,1.0,0.0,197.0,0.0,0.9873417721518988,0.012658227848101266
79,1.0,0.0,292.0,0.0,0.9873417721518988,0.012658227848101266
79,55.0,0.0,310.0,0.0,0.9873417721518988,0.012658227848101266
79,49.0,0.0,405.0,0.0,0.9873417721518988,0.012658227848101266
79,1.0,0.0,206.0,0.0,0.9873417721518988,0.012658227848101266
79,1.0,0.0,290.0,0.0,0.9873417721518988,0.012658227848101266
79,1.0,0.0,201.0,0.0,0.9873417721518988,0.012658227848101266
79,1.0,0.0,294.0,0.0,0.9873417721518988,0.012658227848101266
79,1.0,0.0,212.0,0.0,0.9873417721518988,0.012658227848101266
79,1.0,0.0,295.0,0.0,0.9873417721518988,0.012658227848101266
79,1.0,0.0,202.0,0.0,0.9873417721518988,0.012658227848101266
79,1.0,0.0,285.0,0.0,0.9873417721518988,0.012658227848101266
79,1.0,0.0,248.0,0.0,0.9873417721518988,0.012658227848101266
79,1.0,0.0,274.0,0.0,0.9873417721518988,0.012658227848101266
79,1.0,0.0,240.0,0.0,0.9873417721518988,0.012658227848101266
79,1.0,0.0,220.0,0.0,0.9873417721518988,0.012658227848101266
79,40.0,0.0,355.0,0.0,0.9873417721518988,0.012658227848101266
79,42.0,0.0,371.0,0.0,0.9873417721518988,0.012658227848101266
79,37.0,0.0,347.0,0.0,0.9873417721518988,0.012658227848101266
79,52.0,0.0,329.0,0.0,0.9873417721518988,0.012658227848101266
79,44.0,0.0,332.0,0.0,0.9873417721518988,0.012658227848101266
79,45.0,0.0,351.0,0.0,0.9873417721518988,0.012658227848101266
79,1.0,0.0,297.0,0.0,0.9873417721518988,0.012658227848101266
79,1.0,0.0,287.0,0.0,0.9873417721518988,0.012658227848101266
79,53.0,0.0,358.0,0.0,0.9873417721518988,0.012658227848101266
79,1.0,0.0,250.0,0.0,0.9873417721518988,0.012658227848101266
79,1.0,0.0,277.0,0.0,0.9873417721518988,0.012658227848101266
79,35.0,0.0,305.0,0.0,0.9873417721518988,0.012658227848101266
79,1.0,0.0,222.0,0.0,0.9873417721518988,0.012658227848101266
79,1.0,0.0,357.0,0.0,0.9873417721518988,0.012658227848101266
79,45.0,0.0,416.0,0.0,0.9873417721518988,0.012658227848101266
79,37.0,0.0,405.0,0.0,0.9873417721518988,0.012658227848101266
79,1.0,0.0,207.0,0.0,0.9873417721518988,0.012658227848101266
79,1.0,0.0,259.0,0.0,0.9873417721518988,0.012658227848101266
79,51.0,0.0,342.0,0.0,0.9873417721518988,0.012658227848101266
79,47.0,0.0,477.0,0.0,0.9873417721518988,0.012658227848101266
79,1.0,0.0,242.0,0.0,0.9873417721518988,0.012658227848101266
79,1.0,0.0,273.0,0.0,0.9873417721518988,0.012658227848101266
79,53.0,0.0,303.0,0.0,0.9873417721518988,0.012658227848101266
79,45.0,0.0,429.0,0.0,0.9873417721518988,0.012658227848101266
79,1.0,0.0,222.0,0.0,0.9873417721518988,0.012658227848101266
79,1.0,0.0,351.0,0.0,0.9873417721518988,0.012658227848101266
79,1.0,0.0,232.0,0.0,0.9873417721518988,0.012658227848101266
79,1.0,0.0,311.0,0.0,0.9873417721518988,0.012658227848101266
79,1.0,0.0,255.0,0.0,0.9873417721518988,0.012658227848101266
79,1.0,0.0,320.0,0.0,0.9873417721518988,0.012658227848101266
79,1.0,0.0,199.0,0.0,0.9873417721518988,0.012658227848101266
79,1.0,0.0,275.0,0.0,0.9873417721518988,0.012658227848101266
79,1.0,0.0,226.0,0.0,0.9873417721518988,0.012658227848101266
79,1.0,0.0,191.0,0.0,0.9873417721518988,0.012658227848101266
79,34.0,0.0,318.0,0.0,0.9873417721518988,0.012658227848101266
79,39.0,0.0,346.0,0.0,0.9873417721518988,0.012658227848101266
79,45.0,0.0,344.0,0.0,0.9873417721518988,0.012658227848101266
79,61.0,0.0,328.0,0.0,0.9873417721518988,0.012658227848101266
79,42.0,0.0,335.0,0.0,0.9873417721518988,0.012658227848101266
79,50.0,0.0,417.0,0.0,0.9873417721518988,0.012658227848101266
79,33.0,0.0,345.0,0.0,0.9873417721518988,0.012658227848101266
79,1.0,0.0,307.0,0.0,0.9873417721518988,0.012658227848101266
79,1.0,0.0,301.0,0.0,0.9873417721518988,0.012658227848101266
79,1.0,0.0,248.0,0.0,0.9873417721518988,0.012658227848101266
79,1.0,0.0,327.0,0.0,0.9873417721518988,0.012658227848101266
79,1.0,0.0,220.0,0.0,0.9873417721518988,0.012658227848101266
79,1.0,0.0,295.0,0.0,0.9873417721518988,0.012658227848101266
79,34.0,0.0,344.0,0.0,0.9873417721518988,0.012658227848101266
60,5.0,0.0,1454.0,0.0,0.9833333333333333,0.016666666666666666
79,1.0,0.0,256.0,0.0,0.9873417721518988,0.012658227848101266
79,1.0,0.0,314.0,0.0,0.9873417721518988,0.012658227848101266
79,46.0,0.0,390.0,0.0,0.9873417721518988,0.012658227848101266
60,4.0,0.0,2119.0,0.0,0.9833333333333333,0.016666666666666666
79,1.0,0.0,228.0,0.0,0.9873417721518988,0.012658227848101266
79,1.0,0.0,353.0,0.0,0.9873417721518988,0.012658227848101266
79,48.0,0.0,343.0,0.0,0.9873417721518988,0.012658227848101266
79,1.0,0.0,182.0,0.0,0.9873417721518988,0.012658227848101266
79,1.0,0.0,260.0,0.0,0.9873417721518988,0.012658227848101266
79,1.0,0.0,317.0,0.0,0.9873417721518988,0.012658227848101266
79,54.0,0.0,442.0,0.0,0.9873417721518988,0.012658227848101266
79,2.0,0.0,197.0,0.0,0.9873417721518988,0.012658227848101266
79,1.0,0.0,251.0,0.0,0.9873417721518988,0.012658227848101266
79,1.0,0.0,331.0,0.0,0.9873417721518988,0.012658227848101266
79,2.0,0.0,185.0,0.0,0.9873417721518988,0.012658227848101266
79,1.0,0.0,238.0,0.0,0.9873417721518988,0.012658227848101266
79,1.0,0.0,315.0,0.0,0.9873417721518988,0.012658227848101266
79,1.0,0.0,199.0,0.0,0.9873417721518988,0.012658227848101266
79,1.0,0.0,197.0,0.0,0.9873417721518988,0.012658227848101266
79,1.0,0.0,330.0,0.0,0.9873417721518988,0.012658227848101266
79,1.0,0.0,160.0,0.0,0.9873417721518988,0.012658227848101266
79,1.0,0.0,227.0,0.0,0.9873417721518988,0.012658227848101266
79,1.0,0.0,141.0,0.0,0.9873417721518988,0.012658227848101266
79,1.0,0.0,210.0,0.0,0.9873417721518988,0.012658227848101266
79,1.0,0.0,165.0,0.0,0.9873417721518988,0.012658227848101266
79,1.0,0.0,153.0,0.0,0.9873417721518988,0.012658227848101266
79,49.0,0.0,416.0,0.0,0.9873417721518988,0.012658227848101266
79,50.0,0.0,405.0,0.0,0.9873417721518988,0.012658227848101266
79,47.0,0.0,314.0,0.0,0.9873417721518988,0.012658227848101266
79,36.0,0.0,314.0,0.0,0.9873417721518988,0.012658227848101266
79,48.0,0.0,364.0,0.0,0.9873417721518988,0.012658227848101266
79,47.0,0.0,456.0,0.0,0.9873417721518988,0.012658227848101266
79,38.0,0.0,311.0,0.0,0.9873417721518988,0.012658227848101266
79,46.0,0.0,355.0,0.0,0.9873417721518988,0.012658227848101266
79,1.0,0.0,311.0,0.0,0.9873417721518988,0.012658227848101266
79,1.0,0.0,336.0,0.0,0.9873417721518988,0.012658227848101266
79,1.0,0.0,224.0,0.0,0.9873417721518988,0.012658227848101266
79,1.0,0.0,286.0,0.0,0.9873417721518988,0.012658227848101266
79,1.0,0.0,245.0,0.0,0.9873417721518988,0.012658227848101266
79,1.0,0.0,307.0,0.0,0.9873417721518988,0.012658227848101266
79,1.0,0.0,160.0,0.0,0.9873417721518988,0.012658227848101266
79,1.0,0.0,222.0,0.0,0.9873417721518988,0.012658227848101266
79,1.0,0.0,292.0,0.0,0.9873417721518988,0.012658227848101266
79,1.0,0.0,180.0,0.0,0.9873417721518988,0.012658227848101266
79,1.0,0.0,254.0,0.0,0.9873417721518988,0.012658227848101266
79,1.0,0.0,295.0,0.0,0.9873417721518988,0.012658227848101266
79,40.0,0.0,365.0,0.0,0.9873417721518988,0.012658227848101266
79,1.0,0.0,166.0,0.0,0.9873417721518988,0.012658227848101266
79,1.0,0.0,261.0,0.0,0.9873417721518988,0.012658227848101266
79,1.0,0.0,309.0,0.0,0.9873417721518988,0.012658227848101266
79,46.0,0.0,297.0,0.0,0.9873417721518988,0.012658227848101266
79,1.0,0.0,235.0,0.0,0.9873417721518988,0.012658227848101266
79,1.0,0.0,222.0,0.0,0.9873417721518988,0.012658227848101266
79,1.0,0.0,306.0,0.0,0.9873417721518988,0.012658227848101266
79,64.0,0.0,326.0,0.0,0.9873417721518988,0.012658227848101266
79,1.0,0.0,166.0,0.0,0.9873417721518988,0.012658227848101266
79,1.0,0.0,243.0,0.0,0.9873417721518988,0.012658227848101266
79,1.0,0.0,312.0,0.0,0.9873417721518988,0.012658227848101266
79,1.0,0.0,159.0,0.0,0.9873417721518988,0.012658227848101266
79,1.0,0.0,218.0,0.0,0.9873417721518988,0.012658227848101266
79,1.0,0.0,326.0,0.0,0.9873417721518988,0.012658227848101266
79,1.0,0.0,199.0,0.0,0.9873417721518988,0.012658227848101266
79,1.0,0.0,229.0,0.0,0.9873417721518988,0.012658227848101266
79,1.0,0.0,156.0,0.0,0.9873417721518988,0.012658227848101266
79,1.0,0.0,273.0,0.0,0.9873417721518988,0.012658227848101266
79,1.0,0.0,176.0,0.0,0.9873417721518988,0.012658227848101266
79,1.0,0.0,194.0,0.0,0.9873417721518988,0.012658227848101266
79,60.0,0.0,420.0,0.0,0.9873417721518988,0.012658227848101266
79,47.0,0.0,375.0,0.0,0.9873417721518988,0.012658227848101266
79,41.0,0.0,323.0,0.0,0.9873417721518988,0.012658227848101266
79,49.0,0.0,317.0,0.0,0.9873417721518988,0.012658227848101266
79,52.0,0.0,313.0,0.0,0.9873417721518988,0.012658227848101266
79,49.0,0.0,435.0,0.0,0.9873417721518988,0.012658227848101266
79,41.0,0.0,293.0,0.0,0.9873417721518988,0.012658227848101266
79,39.0,0.0,345.0,0.0,0.9873417721518988,0.012658227848101266
79,33.0,0.0,349.0,0.0,0.9873417721518988,0.012658227848101266
79,1.0,0.0,224.0,0.0,0.9873417721518988,0.012658227848101266
79,1.0,0.0,219.0,0.0,0.9873417721518988,0.012658227848101266
79,1.0,0.0,171.0,0.0,0.9873417721518988,0.012658227848101266
79,1.0,0.0,210.0,0.0,0.9873417721518988,0.012658227848101266
79,1.0,0.0,157.0,0.0,0.9873417721518988,0.012658227848101266
79,1.0,0.0,244.0,0.0,0.9873417721518988,0.012658227848101266
79,1.0,0.0,170.0,0.0,0.9873417721518988,0.012658227848101266
79,1.0,0.0,227.0,0.0,0.9873417721518988,0.012658227848101266
79,1.0,0.0,181.0,0.0,0.9873417721518988,0.012658227848101266
79,1.0,0.0,222.0,0.0,0.9873417721518988,0.012658227848101266
79,45.0,0.0,375.0,0.0,0.9873417721518988,0.012658227848101266
79,1.0,0.0,161.0,0.0,0.9873417721518988,0.012658227848101266
79,1.0,0.0,311.0,0.0,0.9873417721518988,0.012658227848101266
79,46.0,0.0,329.0,0.0,0.9873417721518988,0.012658227848101266
79,1.0,0.0,159.0,0.0,0.9873417721518988,0.012658227848101266
79,1.0,0.0,220.0,1.0,0.9873417721518988,0.012658227848101266
79,1.0,0.0,157.0,0.0,0.9873417721518988,0.012658227848101266
79,1.0,0.0,216.0,0.0,0.9873417721518988,0.012658227848101266
79,1.0,0.0,184.0,0.0,0.9873417721518988,0.012658227848101266
79,1.0,0.0,240.0,0.0,0.9873417721518988,0.012658227848101266
79,1.0,0.0,157.0,0.0,0.9873417721518988,0.012658227848101266
79,1.0,0.0,170.0,0.0,0.9873417721518988,0.012658227848101266
79,1.0,0.0,259.0,0.0,0.9873417721518988,0.012658227848101266
79,1.0,0.0,230.0,0.0,0.9873417721518988,0.012658227848101266
79,1.0,0.0,167.0,0.0,0.9873417721518988,0.012658227848101266
79,1.0,0.0,249.0,0.0,0.9873417721518988,0.012658227848101266
79,1.0,0.0,185.0,0.0,0.9873417721518988,0.012658227848101266
79,1.0,0.0,403.0,0.0,0.9873417721518988,0.012658227848101266
79,1.0,0.0,205.0,0.0,0.9873417721518988,0.012658227848101266
79,1.0,0.0,297.0,0.0,0.9873417721518988,0.012658227848101266
79,1.0,0.0,220.0,0.0,0.9873417721518988,0.012658227848101266
79,1.0,0.0,307.0,0.0,0.9873417721518988,0.012658227848101266
79,1.0,0.0,365.0,0.0,0.9873417721518988,0.012658227848101266
79,2.0,0.0,347.0,0.0,0.9873417721518988,0.012658227848101266
79,1.0,0.0,244.0,0.0,0.9873417721518988,0.012658227848101266
79,1.0,0.0,295.0,0.0,0.9873417721518988,0.012658227848101266
79,43.0,0.0,357.0,0.0,0.9873417721518988,0.012658227848101266
79,1.0,0.0,241.0,0.0,0.9873417721518988,0.012658227848101266
79,1.0,0.0,286.0,0.0,0.9873417721518988,0.012658227848101266
79,1.0,0.0,160.0,0.0,0.9873417721518988,0.012658227848101266
79,1.0,0.0,236.0,0.0,0.9873417721518988,0.012658227848101266
79,1.0,0.0,181.0,0.0,0.9873417721518988,0.012658227848101266
79,1.0,0.0,390.0,0.0,0.9873417721518988,0.012658227848101266
79,1.0,0.0,262.0,0.0,0.9873417721518988,0.012658227848101266
79,1.0,0.0,392.0,0.0,0.9873417721518988,0.012658227848101266
79,1.0,0.0,168.0,0.0,0.9873417721518988,0.012658227848101266
79,1.0,0.0,332.0,0.0,0.9873417721518988,0.012658227848101266
79,1.0,0.0,161.0,0.0,0.9873417721518988,0.012658227848101266
79,1.0,0.0,355.0,0.0,0.9873417721518988,0.012658227848101266
71,6.0,0.0,2646.0,0.0,0.9859154929577465,0.014084507042253521
79,1.0,0.0,160.0,0.0,0.9873417721518988,0.012658227848101266
79,1.0,0.0,291.0,0.0,0.9873417721518988,0.012658227848101266
69,5.0,0.0,2408.0,0.0,0.9855072463768116,0.014492753623188406
79,1.0,0.0,178.0,0.0,0.9873417721518988,0.012658227848101266
79,1.0,0.0,246.0,0.0,0.9873417721518988,0.012658227848101266
71,5.0,0.0,1865.0,0.0,0.9859154929577465,0.014084507042253521
79,1.0,0.0,144.0,0.0,0.9873417721518988,0.012658227848101266
79,1.0,0.0,320.0,0.0,0.9873417721518988,0.012658227848101266
69,5.0,0.0,1966.0,0.0,0.9855072463768116,0.014492753623188406
79,1.0,0.0,282.0,0.0,0.9873417721518988,0.012658227848101266
79,1.0,0.0,386.0,0.0,0.9873417721518988,0.012658227848101266
52,23.0,0.0,1672.0,0.0,0.9807692307692307,0.019230769230769232
79,1.0,0.0,183.0,0.0,0.9873417721518988,0.012658227848101266
79,1.0,0.0,318.0,0.0,0.9873417721518988,0.012658227848101266
65,5.0,0.0,2520.0,0.0,0.9846153846153847,0.015384615384615385
79,1.0,0.0,158.0,0.0,0.9873417721518988,0.012658227848101266
79,1.0,0.0,323.0,0.0,0.9873417721518988,0.012658227848101266
65,4.0,0.0,1682.0,0.0,0.9846153846153847,0.015384615384615385
79,1.0,0.0,168.0,0.0,0.9873417721518988,0.012658227848101266
71,5.0,0.0,2184.0,0.0,0.9859154929577465,0.014084507042253521
79,1.0,0.0,156.0,0.0,0.9873417721518988,0.012658227848101266
71,4.0,0.0,2092.0,0.0,0.9859154929577465,0.014084507042253521
71,4.0,0.0,2153.0,0.0,0.9859154929577465,0.014084507042253521
79,1.0,0.0,306.0,0.0,0.9873417721518988,0.012658227848101266
79,1.0,0.0,344.0,0.0,0.9873417721518988,0.012658227848101266
79,1.0,0.0,158.0,0.0,0.9873417721518988,0.012658227848101266
79,1.0,0.0,503.0,0.0,0.9873417721518988,0.012658227848101266
79,1.0,0.0,167.0,0.0,0.9873417721518988,0.012658227848101266
79,1.0,0.0,285.0,0.0,0.9873417721518988,0.012658227848101266
56,25.0,0.0,2036.0,0.0,0.9821428571428571,0.017857142857142856
79,1.0,0.0,158.0,0.0,0.9873417721518988,0.012658227848101266
79,1.0,0.0,274.0,0.0,0.9873417721518988,0.012658227848101266
68,5.0,0.0,1745.0,0.0,0.9852941176470589,0.014705882352941176
79,1.0,0.0,197.0,0.0,0.9873417721518988,0.012658227848101266
79,1.0,0.0,238.0,0.0,0.9873417721518988,0.012658227848101266
64,4.0,0.0,2240.0,0.0,0.984375,0.015625
79,1.0,0.0,251.0,0.0,0.9873417721518988,0.012658227848101266
79,1.0,0.0,232.0,0.0,0.9873417721518988,0.012658227848101266
67,5.0,0.0,2169.0,0.0,0.9850746268656716,0.014925373134328358
79,1.0,0.0,238.0,0.0,0.9873417721518988,0.012658227848101266
79,1.0,0.0,251.0,0.0,0.9873417721518988,0.012658227848101266
68,5.0,0.0,1814.0,0.0,0.9852941176470589,0.014705882352941176
79,1.0,0.0,155.0,0.0,0.9873417721518988,0.012658227848101266
79,1.0,0.0,236.0,0.0,0.9873417721518988,0.012658227848101266
65,5.0,0.0,3094.0,0.0,0.9846153846153847,0.015384615384615385
79,1.0,0.0,161.0,0.0,0.9873417721518988,0.012658227848101266
79,1.0,0.0,238.0,0.0,0.9873417721518988,0.012658227848101266
68,5.0,0.0,3312.0,0.0,0.9852941176470589,0.014705882352941176
79,1.0,0.0,243.0,0.0,0.9873417721518988,0.012658227848101266
65,5.0,0.0,2300.0,0.0,0.9846153846153847,0.015384615384615385
79,1.0,0.0,192.0,0.0,0.9873417721518988,0.012658227848101266
69,5.0,0.0,1329.0,0.0,0.9855072463768116,0.014492753623188406
65,4.0,0.0,1881.0,0.0,0.9846153846153847,0.015384615384615385
79,1.0,0.0,150.0,0.0,0.9873417721518988,0.012658227848101266
79,1.0,0.0,167.0,0.0,0.9873417721518988,0.012658227848101266
67,5.0,0.0,1562.0,0.0,0.9850746268656716,0.014925373134328358
79,1.0,0.0,157.0,0.0,0.9873417721518988,0.012658227848101266
63,4.0,0.0,1815.0,0.0,0.9841269841269841,0.015873015873015872
79,1.0,0.0,167.0,0.0,0.9873417721518988,0.012658227848101266
63,5.0,0.0,2803.0,0.0,0.9841269841269841,0.015873015873015872
79,1.0,0.0,185.0,0.0,0.9873417721518988,0.012658227848101266
65,5.0,0.0,1935.0,0.0,0.9846153846153847,0.015384615384615385
79,1.0,0.0,175.0,0.0,0.9873417721518988,0.012658227848101266
64,5.0,0.0,2062.0,0.0,0.984375,0.015625
79,1.0,0.0,176.0,0.0,0.9873417721518988,0.012658227848101266
63,5.0,0.0,2365.0,0.0,0.9841269841269841,0.015873015873015872
79,1.0,0.0,197.0,0.0,0.9873417721518988,0.012658227848101266
69,5.0,0.0,1795.0,0.0,0.9855072463768116,0.014492753623188406
79,1.0,0.0,181.0,0.0,0.9873417721518988,0.012658227848101266
67,4.0,0.0,2421.0,0.0,0.9850746268656716,0.014925373134328358
79,1.0,0.0,185.0,0.0,0.9873417721518988,0.012658227848101266
69,5.0,0.0,2209.0,0.0,0.9855072463768116,0.014492753623188406
68,5.0,0.0,2095.0,0.0,0.9852941176470589,0.014705882352941176
79,1.0,0.0,162.0,0.0,0.9873417721518988,0.012658227848101266
79,1.0,0.0,184.0,0.0,0.9873417721518988,0.012658227848101266
69,5.0,0.0,1582.0,0.0,0.9855072463768116,0.014492753623188406
79,1.0,0.0,184.0,0.0,0.9873417721518988,0.012658227848101266
65,5.0,0.0,2388.0,0.0,0.9846153846153847,0.015384615384615385
79,1.0,0.0,246.0,0.0,0.9873417721518988,0.012658227848101266
70,5.0,0.0,2236.0,0.0,0.9857142857142858,0.014285714285714285
79,1.0,0.0,207.0,0.0,0.9873417721518988,0.012658227848101266
68,5.0,0.0,1441.0,0.0,0.9852941176470589,0.014705882352941176
79,1.0,0.0,167.0,0.0,0.9873417721518988,0.012658227848101266
67,5.0,0.0,2058.0,0.0,0.9850746268656716,0.014925373134328358
79,1.0,0.0,236.0,0.0,0.9873417721518988,0.012658227848101266
64,5.0,0.0,2812.0,0.0,0.984375,0.015625
79,1.0,0.0,178.0,0.0,0.9873417721518988,0.012658227848101266
65,5.0,0.0,2288.0,0.0,0.9846153846153847,0.015384615384615385
79,1.0,0.0,180.0,0.0,0.9873417721518988,0.012658227848101266
65,4.0,0.0,2029.0,0.0,0.9846153846153847,0.015384615384615385
79,1.0,0.0,255.0,0.0,0.9873417721518988,0.012658227848101266
67,4.0,0.0,2212.0,0.0,0.9850746268656716,0.014925373134328358
68,4.0,0.0,2409.0,0.0,0.9852941176470589,0.014705882352941176
79,1.0,0.0,169.0,0.0,0.9873417721518988,0.012658227848101266
79,1.0,0.0,201.0,0.0,0.9873417721518988,0.012658227848101266
64,4.0,0.0,1716.0,0.0,0.984375,0.015625
79,1.0,0.0,192.0,0.0,0.9873417721518988,0.012658227848101266
67,4.0,0.0,1897.0,0.0,0.9850746268656716,0.014925373134328358
79,1.0,0.0,174.0,0.0,0.9873417721518988,0.012658227848101266
69,5.0,0.0,2176.0,0.0,0.9855072463768116,0.014492753623188406
67,5.0,0.0,2224.0,0.0,0.9850746268656716,0.014925373134328358
79,1.0,0.0,187.0,0.0,0.9873417721518988,0.012658227848101266
76,6.0,0.0,1785.0,0.0,0.9868421052631579,0.013157894736842105
65,4.0,0.0,3456.0,0.0,0.9846153846153847,0.015384615384615385
79,1.0,0.0,191.0,0.0,0.9873417721518988,0.012658227848101266
74,5.0,0.0,2406.0,0.0,0.9864864864864865,0.013513513513513514
62,5.0,0.0,1897.0,0.0,0.9838709677419355,0.016129032258064516
79,1.0,0.0,255.0,0.0,0.9873417721518988,0.012658227848101266
71,3.0,0.0,2264.0,0.0,0.9859154929577465,0.014084507042253521
62,5.0,0.0,2488.0,0.0,0.9838709677419355,0.016129032258064516
79,1.0,0.0,372.0,0.0,0.9873417721518988,0.012658227848101266
74,6.0,0.0,2091.0,0.0,0.9864864864864865,0.013513513513513514
66,5.0,0.0,1923.0,0.0,0.9848484848484849,0.015151515151515152
79,1.0,0.0,239.0,0.0,0.9873417721518988,0.012658227848101266
72,5.0,0.0,2298.0,0.0,0.9861111111111112,0.013888888888888888
62,4.0,0.0,2296.0,0.0,0.9838709677419355,0.016129032258064516
79,1.0,0.0,191.0,0.0,0.9873417721518988,0.012658227848101266
72,4.0,0.0,2064.0,0.0,0.9861111111111112,0.013888888888888888
67,5.0,0.0,2999.0,0.0,0.9850746268656716,0.014925373134328358
74,5.0,0.0,2299.0,0.0,0.9864864864864865,0.013513513513513514
65,5.0,0.0,2143.0,0.0,0.9846153846153847,0.015384615384615385
75,5.0,0.0,2232.0,0.0,0.9866666666666667,0.013333333333333334
69,4.0,0.0,2070.0,0.0,0.9855072463768116,0.014492753623188406
79,1.0,0.0,467.0,0.0,0.9873417721518988,0.012658227848101266
79,1.0,0.0,269.0,0.0,0.9873417721518988,0.012658227848101266
65,5.0,0.0,2124.0,0.0,0.9846153846153847,0.015384615384615385
79,1.0,0.0,164.0,0.0,0.9873417721518988,0.012658227848101266
69,5.0,0.0,1825.0,0.0,0.9855072463768116,0.014492753623188406
79,1.0,0.0,168.0,0.0,0.9873417721518988,0.012658227848101266
71,4.0,0.0,3432.0,0.0,0.9859154929577465,0.014084507042253521
67,6.0,0.0,2889.0,0.0,0.9850746268656716,0.014925373134328358
79,1.0,0.0,237.0,0.0,0.9873417721518988,0.012658227848101266
72,5.0,0.0,2530.0,0.0,0.9861111111111112,0.013888888888888888
63,5.0,0.0,2043.0,0.0,0.9841269841269841,0.015873015873015872
79,1.0,0.0,272.0,0.0,0.9873417721518988,0.012658227848101266
71,3.0,0.0,2407.0,0.0,0.9859154929577465,0.014084507042253521
63,5.0,0.0,2195.0,0.0,0.9841269841269841,0.015873015873015872
79,1.0,0.0,224.0,0.0,0.9873417721518988,0.012658227848101266
72,4.0,0.0,1749.0,0.0,0.9861111111111112,0.013888888888888888
64,5.0,0.0,1949.0,0.0,0.984375,0.015625
79,1.0,0.0,194.0,0.0,0.9873417721518988,0.012658227848101266
75,5.0,0.0,1673.0,0.0,0.9866666666666667,0.013333333333333334
64,5.0,0.0,2977.0,0.0,0.984375,0.015625
79,1.0,0.0,184.0,0.0,0.9873417721518988,0.012658227848101266
72,5.0,0.0,2251.0,0.0,0.9861111111111112,0.013888888888888888
61,5.0,0.0,2547.0,0.0,0.9836065573770492,0.01639344262295082
79,1.0,0.0,180.0,0.0,0.9873417721518988,0.012658227848101266
72,5.0,0.0,2798.0,0.0,0.9861111111111112,0.013888888888888888
63,16.0,0.0,2654.0,0.0,0.9841269841269841,0.015873015873015872
72,6.0,0.0,2431.0,0.0,0.9861111111111112,0.013888888888888888
69,5.0,0.0,1764.0,0.0,0.9855072463768116,0.014492753623188406
76,5.0,0.0,1432.0,0.0,0.9868421052631579,0.013157894736842105
71,4.0,0.0,2439.0,0.0,0.9859154929577465,0.014084507042253521
76,6.0,0.0,3006.0,0.0,0.9868421052631579,0.013157894736842105
75,5.0,0.0,3302.0,0.0,0.9866666666666667,0.013333333333333334
76,6.0,0.0,1370.0,0.0,0.9868421052631579,0.013157894736842105
74,5.0,0.0,1904.0,0.0,0.9864864864864865,0.013513513513513514
81,5.0,0.0,1823.0,0.0,0.9876543209876543,0.012345679012345678
82,5.0,0.0,1585.0,0.0,0.9878048780487805,0.012195121951219513
84,5.0,0.0,2032.0,0.0,0.9880952380952381,0.011904761904761904
82,7.0,0.0,2625.0,0.0,0.9878048780487805,0.012195121951219513
77,6.0,0.0,1590.0,0.0,0.987012987012987,0.012987012987012988
84,6.0,0.0,1869.0,0.0,0.9880952380952381,0.011904761904761904
65,5.0,0.0,1148.0,0.0,0.9846153846153847,0.015384615384615385
62,5.0,0.0,1718.0,0.0,0.9838709677419355,0.016129032258064516
63,24.0,0.0,1423.0,0.0,0.9841269841269841,0.015873015873015872
63,5.0,0.0,1858.0,0.0,0.9841269841269841,0.015873015873015872
75,5.0,0.0,1692.0,0.0,0.9866666666666667,0.013333333333333334
63,5.0,0.0,1858.0,0.0,0.9841269841269841,0.015873015873015872
74,5.0,0.0,1439.0,0.0,0.9864864864864865,0.013513513513513514
63,5.0,0.0,3669.0,0.0,0.9841269841269841,0.015873015873015872
72,5.0,0.0,1677.0,0.0,0.9861111111111112,0.013888888888888888
61,5.0,0.0,3097.0,0.0,0.9836065573770492,0.01639344262295082
70,4.0,0.0,1981.0,0.0,0.9857142857142858,0.014285714285714285
62,5.0,0.0,1944.0,0.0,0.9838709677419355,0.016129032258064516
74,5.0,0.0,1340.0,0.0,0.9864864864864865,0.013513513513513514
64,5.0,0.0,1671.0,0.0,0.984375,0.015625
72,5.0,0.0,1982.0,0.0,0.9861111111111112,0.013888888888888888
67,5.0,0.0,1458.0,0.0,0.9850746268656716,0.014925373134328358
70,3.0,0.0,2830.0,0.0,0.9857142857142858,0.014285714285714285
67,5.0,0.0,1947.0,0.0,0.9850746268656716,0.014925373134328358
74,5.0,0.0,1565.0,0.0,0.9864864864864865,0.013513513513513514
76,5.0,0.0,1568.0,0.0,0.9868421052631579,0.013157894736842105
77,5.0,0.0,1506.0,0.0,0.987012987012987,0.012987012987012988
83,5.0,0.0,2774.0,0.0,0.9879518072289156,0.012048192771084338
72,6.0,0.0,4744.0,0.0,0.9861111111111112,0.013888888888888888
78,4.0,0.0,2329.0,0.0,0.9871794871794872,0.01282051282051282
78,5.0,0.0,2270.0,0.0,0.9871794871794872,0.01282051282051282
76,5.0,0.0,1653.0,0.0,0.9868421052631579,0.013157894736842105
77,5.0,0.0,1475.0,0.0,0.987012987012987,0.012987012987012988
82,5.0,0.0,1287.0,0.0,0.9878048780487805,0.012195121951219513
66,24.0,0.0,1999.0,0.0,0.9848484848484849,0.015151515151515152
75,6.0,0.0,3278.0,0.0,0.9866666666666667,0.013333333333333334
62,5.0,0.0,1778.0,0.0,0.9838709677419355,0.016129032258064516
68,4.0,0.0,2299.0,0.0,0.9852941176470589,0.014705882352941176
75,5.0,0.0,1907.0,0.0,0.9866666666666667,0.013333333333333334
65,4.0,0.0,2169.0,0.0,0.9846153846153847,0.015384615384615385
71,4.0,0.0,1791.0,0.0,0.9859154929577465,0.014084507042253521
60,5.0,0.0,3581.0,0.0,0.9833333333333333,0.016666666666666666
72,5.0,0.0,1652.0,0.0,0.9861111111111112,0.013888888888888888
65,4.0,0.0,1568.0,0.0,0.9846153846153847,0.015384615384615385
72,5.0,0.0,1811.0,0.0,0.9861111111111112,0.013888888888888888
58,18.0,0.0,2701.0,0.0,0.9827586206896551,0.017241379310344827
71,5.0,0.0,3990.0,0.0,0.9859154929577465,0.014084507042253521
67,5.0,0.0,1503.0,0.0,0.9850746268656716,0.014925373134328358
75,5.0,0.0,2676.0,0.0,0.9866666666666667,0.013333333333333334
63,5.0,0.0,1732.0,0.0,0.9841269841269841,0.015873015873015872
75,5.0,0.0,1609.0,0.0,0.9866666666666667,0.013333333333333334
63,5.0,0.0,1578.0,0.0,0.9841269841269841,0.015873015873015872
73,5.0,0.0,1946.0,0.0,0.9863013698630136,0.0136986301369863
68,5.0,0.0,1920.0,0.0,0.9852941176470589,0.014705882352941176
72,6.0,0.0,2044.0,0.0,0.9861111111111112,0.013888888888888888
75,5.0,0.0,1577.0,0.0,0.9866666666666667,0.013333333333333334
81,5.0,0.0,2528.0,0.0,0.9876543209876543,0.012345679012345678
82,5.0,0.0,1632.0,0.0,0.9878048780487805,0.012195121951219513
72,5.0,0.0,2401.0,0.0,0.9861111111111112,0.013888888888888888
78,5.0,0.0,2217.0,0.0,0.9871794871794872,0.01282051282051282
76,5.0,0.0,1890.0,0.0,0.9868421052631579,0.013157894736842105
79,5.0,0.0,2515.0,0.0,0.9873417721518988,0.012658227848101266
76,5.0,0.0,2203.0,0.0,0.9868421052631579,0.013157894736842105
76,5.0,0.0,2019.0,0.0,0.9868421052631579,0.013157894736842105
82,4.0,0.0,1994.0,0.0,0.9878048780487805,0.012195121951219513
78,6.0,0.0,2097.0,0.0,0.9871794871794872,0.01282051282051282
69,5.0,0.0,1640.0,0.0,0.9855072463768116,0.014492753623188406
61,4.0,0.0,1653.0,0.0,0.9836065573770492,0.01639344262295082
74,5.0,0.0,2268.0,0.0,0.9864864864864865,0.013513513513513514
62,5.0,0.0,2838.0,0.0,0.9838709677419355,0.016129032258064516
71,4.0,0.0,2430.0,0.0,0.9859154929577465,0.014084507042253521
62,4.0,0.0,1998.0,0.0,0.9838709677419355,0.016129032258064516
72,6.0,0.0,1790.0,0.0,0.9861111111111112,0.013888888888888888
67,4.0,0.0,1429.0,0.0,0.9850746268656716,0.014925373134328358
68,6.0,0.0,2467.0,0.0,0.9852941176470589,0.014705882352941176
60,5.0,0.0,2490.0,0.0,0.9833333333333333,0.016666666666666666
71,4.0,0.0,2875.0,0.0,0.9859154929577465,0.014084507042253521
63,4.0,0.0,2265.0,0.0,0.9841269841269841,0.015873015873015872
70,5.0,0.0,4237.0,0.0,0.9857142857142858,0.014285714285714285
64,4.0,0.0,1838.0,0.0,0.984375,0.015625
73,4.0,0.0,2154.0,0.0,0.9863013698630136,0.0136986301369863
63,5.0,0.0,3542.0,0.0,0.9841269841269841,0.015873015873015872
71,4.0,0.0,3068.0,0.0,0.9859154929577465,0.014084507042253521
68,4.0,0.0,2663.0,0.0,0.9852941176470589,0.014705882352941176
71,5.0,0.0,2827.0,0.0,0.9859154929577465,0.014084507042253521
75,5.0,0.0,1965.0,0.0,0.9866666666666667,0.013333333333333334
84,4.0,0.0,1625.0,0.0,0.9880952380952381,0.011904761904761904
78,5.0,0.0,1970.0,0.0,0.9871794871794872,0.01282051282051282
79,5.0,0.0,1641.0,0.0,0.9873417721518988,0.012658227848101266
84,5.0,0.0,2410.0,0.0,0.9880952380952381,0.011904761904761904
79,5.0,0.0,2270.0,0.0,0.9873417721518988,0.012658227848101266
79,6.0,0.0,2225.0,0.0,0.9873417721518988,0.012658227848101266
76,7.0,0.0,1552.0,0.0,0.9868421052631579,0.013157894736842105
72,5.0,0.0,2247.0,0.0,0.9861111111111112,0.013888888888888888
78,6.0,0.0,2291.0,0.0,0.9871794871794872,0.01282051282051282
74,6.0,0.0,3648.0,0.0,0.9864864864864865,0.013513513513513514
62,4.0,0.0,1962.0,0.0,0.9838709677419355,0.016129032258064516
62,5.0,0.0,1700.0,0.0,0.9838709677419355,0.016129032258064516
72,5.0,0.0,1649.0,0.0,0.9861111111111112,0.013888888888888888
64,5.0,0.0,2400.0,0.0,0.984375,0.015625
72,5.0,0.0,2929.0,0.0,0.9861111111111112,0.013888888888888888
64,4.0,0.0,1811.0,0.0,0.984375,0.015625
76,5.0,0.0,1893.0,0.0,0.9868421052631579,0.013157894736842105
64,5.0,0.0,2902.0,0.0,0.984375,0.015625
74,5.0,0.0,1554.0,0.0,0.9864864864864865,0.013513513513513514
62,5.0,0.0,1890.0,0.0,0.9838709677419355,0.016129032258064516
74,5.0,0.0,1684.0,0.0,0.9864864864864865,0.013513513513513514
62,5.0,0.0,2877.0,0.0,0.9838709677419355,0.016129032258064516
72,5.0,0.0,1726.0,0.0,0.9861111111111112,0.013888888888888888
59,4.0,0.0,2496.0,0.0,0.9830508474576272,0.01694915254237288
71,3.0,0.0,2013.0,0.0,0.9859154929577465,0.014084507042253521
65,4.0,0.0,2048.0,0.0,0.9846153846153847,0.015384615384615385
72,4.0,0.0,2084.0,0.0,0.9861111111111112,0.013888888888888888
63,5.0,0.0,1385.0,0.0,0.9841269841269841,0.015873015873015872
70,4.0,0.0,2316.0,0.0,0.9857142857142858,0.014285714285714285
72,5.0,0.0,1935.0,0.0,0.9861111111111112,0.013888888888888888
80,5.0,0.0,1515.0,0.0,0.9875,0.0125
78,6.0,0.0,1955.0,0.0,0.9871794871794872,0.01282051282051282
78,5.0,0.0,1965.0,0.0,0.9871794871794872,0.01282051282051282
82,5.0,0.0,1617.0,0.0,0.9878048780487805,0.012195121951219513
77,6.0,0.0,1675.0,0.0,0.987012987012987,0.012987012987012988
78,6.0,0.0,2035.0,0.0,0.9871794871794872,0.01282051282051282
76,6.0,0.0,2814.0,0.0,0.9868421052631579,0.013157894736842105
77,5.0,0.0,1294.0,0.0,0.987012987012987,0.012987012987012988
84,5.0,0.0,1521.0,0.0,0.9880952380952381,0.011904761904761904
77,6.0,0.0,1519.0,0.0,0.987012987012987,0.012987012987012988
72,4.0,0.0,2247.0,0.0,0.9861111111111112,0.013888888888888888
75,4.0,0.0,1781.0,0.0,0.9866666666666667,0.013333333333333334
71,3.0,0.0,1897.0,0.0,0.9859154929577465,0.014084507042253521
72,5.0,0.0,1602.0,0.0,0.9861111111111112,0.013888888888888888
71,4.0,0.0,2018.0,0.0,0.9859154929577465,0.014084507042253521
61,23.0,0.0,1937.0,0.0,0.9836065573770492,0.01639344262295082
72,5.0,0.0,1520.0,0.0,0.9861111111111112,0.013888888888888888
71,4.0,0.0,2556.0,0.0,0.9859154929577465,0.014084507042253521
72,6.0,0.0,2485.0,0.0,0.9861111111111112,0.013888888888888888
72,4.0,0.0,1914.0,0.0,0.9861111111111112,0.013888888888888888
74,6.0,0.0,1804.0,0.0,0.9864864864864865,0.013513513513513514
80,5.0,0.0,1948.0,0.0,0.9875,0.0125
78,6.0,0.0,2036.0,0.0,0.9871794871794872,0.01282051282051282
84,5.0,0.0,1458.0,0.0,0.9880952380952381,0.011904761904761904
82,6.0,0.0,1967.0,0.0,0.9878048780487805,0.012195121951219513
78,6.0,0.0,1968.0,0.0,0.9871794871794872,0.01282051282051282
84,4.0,0.0,1648.0,0.0,0.9880952380952381,0.011904761904761904
76,7.0,0.0,2082.0,0.0,0.9868421052631579,0.013157894736842105
77,32.0,0.0,1570.0,0.0,0.987012987012987,0.012987012987012988
82,5.0,0.0,1299.0,0.0,0.9878048780487805,0.012195121951219513
72,5.0,0.0,2299.0,0.0,0.9861111111111112,0.013888888888888888
70,5.0,0.0,2089.0,0.0,0.9857142857142858,0.014285714285714285
72,5.0,0.0,2163.0,0.0,0.9861111111111112,0.013888888888888888
71,4.0,0.0,1930.0,0.0,0.9859154929577465,0.014084507042253521
75,4.0,0.0,2253.0,0.0,0.9866666666666667,0.013333333333333334
72,4.0,0.0,2225.0,0.0,0.9861111111111112,0.013888888888888888
74,5.0,0.0,1935.0,0.0,0.9864864864864865,0.013513513513513514
67,6.0,0.0,2413.0,0.0,0.9850746268656716,0.014925373134328358
69,5.0,0.0,4660.0,0.0,0.9855072463768116,0.014492753623188406
71,4.0,0.0,2237.0,0.0,0.9859154929577465,0.014084507042253521
107,6.0,0.0,2438.0,0.0,0.9906542056074766,0.009345794392523364
75,7.0,0.0,2251.0,0.0,0.9866666666666667,0.013333333333333334
71,5.0,0.0,2049.0,0.0,0.9859154929577465,0.014084507042253521
75,5.0,0.0,2490.0,0.0,0.9866666666666667,0.013333333333333334
79,5.0,0.0,2746.0,0.0,0.9873417721518988,0.012658227848101266
62,24.0,0.0,1828.0,0.0,0.9838709677419355,0.016129032258064516
76,5.0,0.0,1695.0,0.0,0.9868421052631579,0.013157894736842105
76,6.0,0.0,2524.0,0.0,0.9868421052631579,0.013157894736842105
76,5.0,0.0,1738.0,0.0,0.9868421052631579,0.013157894736842105
75,5.0,0.0,1098.0,0.0,0.9866666666666667,0.013333333333333334
75,5.0,0.0,1383.0,0.0,0.9866666666666667,0.013333333333333334
72,6.0,0.0,1545.0,0.0,0.9861111111111112,0.013888888888888888
71,4.0,0.0,3170.0,0.0,0.9859154929577465,0.014084507042253521
70,5.0,0.0,4314.0,0.0,0.9857142857142858,0.014285714285714285
72,4.0,0.0,1537.0,0.0,0.9861111111111112,0.013888888888888888
57,22.0,0.0,2649.0,0.0,0.9824561403508771,0.017543859649122806
71,4.0,0.0,2437.0,0.0,0.9859154929577465,0.014084507042253521
72,4.0,0.0,2314.0,0.0,0.9861111111111112,0.013888888888888888
72,5.0,0.0,1282.0,0.0,0.9861111111111112,0.013888888888888888
71,5.0,0.0,4321.0,0.0,0.9859154929577465,0.014084507042253521
71,4.0,0.0,1655.0,0.0,0.9859154929577465,0.014084507042253521
74,5.0,0.0,1536.0,0.0,0.9864864864864865,0.013513513513513514
61,24.0,0.0,1401.0,0.0,0.9836065573770492,0.01639344262295082
75,5.0,0.0,1925.0,0.0,0.9866666666666667,0.013333333333333334
72,6.0,0.0,2586.0,0.0,0.9861111111111112,0.013888888888888888
72,4.0,0.0,2297.0,0.0,0.9861111111111112,0.013888888888888888
75,5.0,0.0,1653.0,0.0,0.9866666666666667,0.013333333333333334
72,4.0,0.0,1921.0,0.0,0.9861111111111112,0.013888888888888888
75,6.0,0.0,1309.0,0.0,0.9866666666666667,0.013333333333333334
68,6.0,0.0,2328.0,0.0,0.9852941176470589,0.014705882352941176
72,33.0,0.0,1376.0,0.0,0.9861111111111112,0.013888888888888888
70,6.0,0.0,4489.0,0.0,0.9857142857142858,0.014285714285714285
74,6.0,0.0,1372.0,0.0,0.9864864864864865,0.013513513513513514
60,24.0,0.0,2174.0,0.0,0.9833333333333333,0.016666666666666666
70,4.0,0.0,2526.0,0.0,0.9857142857142858,0.014285714285714285
71,4.0,0.0,1927.0,0.0,0.9859154929577465,0.014084507042253521
74,5.0,0.0,2043.0,0.0,0.9864864864864865,0.013513513513513514
72,4.0,0.0,1328.0,0.0,0.9861111111111112,0.013888888888888888
72,6.0,0.0,2071.0,0.0,0.9861111111111112,0.013888888888888888
74,6.0,0.0,2270.0,0.0,0.9864864864864865,0.013513513513513514
72,5.0,0.0,1621.0,0.0,0.9861111111111112,0.013888888888888888
72,5.0,0.0,2578.0,0.0,0.9861111111111112,0.013888888888888888
72,5.0,0.0,2859.0,0.0,0.9861111111111112,0.013888888888888888
70,4.0,0.0,2951.0,0.0,0.9857142857142858,0.014285714285714285
75,5.0,0.0,1449.0,0.0,0.9866666666666667,0.013333333333333334
72,5.0,0.0,2915.0,0.0,0.9861111111111112,0.013888888888888888
72,6.0,0.0,2280.0,0.0,0.9861111111111112,0.013888888888888888
74,4.0,0.0,1907.0,0.0,0.9864864864864865,0.013513513513513514
71,3.0,0.0,1532.0,0.0,0.9859154929577465,0.014084507042253521
74,5.0,0.0,2873.0,0.0,0.9864864864864865,0.013513513513513514
79,50.0,0.0,374.0,0.0,0.9873417721518988,0.012658227848101266
79,51.0,0.0,399.0,0.0,0.9873417721518988,0.012658227848101266
79,47.0,0.0,382.0,0.0,0.9873417721518988,0.012658227848101266
79,50.0,0.0,399.0,0.0,0.9873417721518988,0.012658227848101266
79,37.0,0.0,399.0,0.0,0.9873417721518988,0.012658227848101266
79,55.0,0.0,436.0,0.0,0.9873417721518988,0.012658227848101266
79,48.0,0.0,417.0,0.0,0.9873417721518988,0.012658227848101266
79,42.0,0.0,407.0,0.0,0.9873417721518988,0.012658227848101266
79,42.0,0.0,389.0,0.0,0.9873417721518988,0.012658227848101266
79,38.0,0.0,410.0,0.0,0.9873417721518988,0.012658227848101266
79,55.0,0.0,406.0,0.0,0.9873417721518988,0.012658227848101266
79,54.0,0.0,470.0,0.0,0.9873417721518988,0.012658227848101266
79,50.0,0.0,378.0,0.0,0.9873417721518988,0.012658227848101266
79,33.0,0.0,388.0,0.0,0.9873417721518988,0.012658227848101266
79,48.0,0.0,388.0,0.0,0.9873417721518988,0.012658227848101266
79,46.0,0.0,374.0,0.0,0.9873417721518988,0.012658227848101266
79,44.0,0.0,494.0,0.0,0.9873417721518988,0.012658227848101266
79,45.0,0.0,378.0,0.0,0.9873417721518988,0.012658227848101266
79,44.0,0.0,438.0,0.0,0.9873417721518988,0.012658227848101266
79,40.0,0.0,409.0,0.0,0.9873417721518988,0.012658227848101266
79,32.0,0.0,424.0,0.0,0.9873417721518988,0.012658227848101266
79,50.0,0.0,422.0,0.0,0.9873417721518988,0.012658227848101266
79,46.0,0.0,467.0,0.0,0.9873417721518988,0.012658227848101266
79,55.0,0.0,435.0,0.0,0.9873417721518988,0.012658227848101266
79,40.0,0.0,413.0,0.0,0.9873417721518988,0.012658227848101266
79,50.0,0.0,409.0,0.0,0.9873417721518988,0.012658227848101266
79,53.0,0.0,420.0,0.0,0.9873417721518988,0.012658227848101266
79,49.0,0.0,438.0,0.0,0.9873417721518988,0.012658227848101266
79,38.0,0.0,422.0,0.0,0.9873417721518988,0.012658227848101266
79,52.0,0.0,365.0,0.0,0.9873417721518988,0.012658227848101266
79,45.0,0.0,407.0,0.0,0.9873417721518988,0.012658227848101266
79,50.0,0.0,403.0,0.0,0.9873417721518988,0.012658227848101266
79,50.0,0.0,412.0,0.0,0.9873417721518988,0.012658227848101266
79,38.0,0.0,415.0,0.0,0.9873417721518988,0.012658227848101266
79,36.0,0.0,414.0,0.0,0.9873417721518988,0.012658227848101266
79,36.0,0.0,397.0,0.0,0.9873417721518988,0.012658227848101266
79,50.0,0.0,404.0,0.0,0.9873417721518988,0.012658227848101266
79,43.0,0.0,408.0,0.0,0.9873417721518988,0.012658227848101266
79,67.0,0.0,424.0,0.0,0.9873417721518988,0.012658227848101266
79,36.0,0.0,430.0,0.0,0.9873417721518988,0.012658227848101266
79,46.0,0.0,416.0,0.0,0.9873417721518988,0.012658227848101266
79,35.0,0.0,448.0,0.0,0.9873417721518988,0.012658227848101266
79,39.0,0.0,431.0,0.0,0.9873417721518988,0.012658227848101266
79,49.0,0.0,400.0,0.0,0.9873417721518988,0.012658227848101266
79,41.0,0.0,441.0,0.0,0.9873417721518988,0.012658227848101266
79,47.0,0.0,326.0,0.0,0.9873417721518988,0.012658227848101266
79,49.0,0.0,367.0,0.0,0.9873417721518988,0.012658227848101266
79,43.0,0.0,369.0,0.0,0.9873417721518988,0.012658227848101266
79,48.0,0.0,446.0,0.0,0.9873417721518988,0.012658227848101266
79,61.0,0.0,376.0,0.0,0.9873417721518988,0.012658227848101266
79,45.0,0.0,401.0,0.0,0.9873417721518988,0.012658227848101266
79,50.0,0.0,558.0,0.0,0.9873417721518988,0.012658227848101266
79,40.0,0.0,434.0,0.0,0.9873417721518988,0.012658227848101266
79,52.0,0.0,354.0,0.0,0.9873417721518988,0.012658227848101266
79,42.0,0.0,372.0,0.0,0.9873417721518988,0.012658227848101266
79,52.0,0.0,408.0,0.0,0.9873417721518988,0.012658227848101266
79,42.0,0.0,427.0,0.0,0.9873417721518988,0.012658227848101266
79,57.0,0.0,398.0,0.0,0.9873417721518988,0.012658227848101266
79,46.0,0.0,326.0,0.0,0.9873417721518988,0.012658227848101266
79,48.0,0.0,379.0,0.0,0.9873417721518988,0.012658227848101266
79,53.0,0.0,353.0,0.0,0.9873417721518988,0.012658227848101266
79,40.0,0.0,433.0,0.0,0.9873417721518988,0.012658227848101266
